0 0.106250 0.188750 0.045000 0.047500
0 0.233750 0.273125 0.097500 0.041250
0 0.144375 0.299375 0.031250 0.036250
0 0.323750 0.238125 0.042500 0.038750
0 0.344375 0.296250 0.088750 0.035000
0 0.223750 0.413125 0.060000 0.056250
0 0.207500 0.521250 0.085000 0.082500
0 0.111875 0.530000 0.033750 0.060000
0 0.320000 0.781875 0.062500 0.086250
0 0.228750 0.603125 0.055000 0.041250
0 0.291875 0.686250 0.141250 0.090000
0 0.343750 0.898750 0.037500 0.045000
0 0.353125 0.969375 0.086250 0.061250
0 0.020000 0.982500 0.037500 0.035000
0 0.594375 0.022500 0.051250 0.042500
0 0.670000 0.045000 0.077500 0.050000
0 0.606875 0.110000 0.041250 0.060000
0 0.633750 0.227500 0.047500 0.037500
0 0.688125 0.558750 0.071250 0.090000
0 0.575625 0.696875 0.048750 0.043750
0 0.628125 0.750625 0.033750 0.058750
0 0.645625 0.812500 0.041250 0.037500
0 0.518750 0.591875 0.042500 0.038750
0 0.458125 0.660625 0.096250 0.086250
0 0.474375 0.748750 0.063750 0.067500
0 0.083125 0.689375 0.098750 0.126250
0 0.843750 0.805625 0.057500 0.061250
0 0.875625 0.863125 0.056250 0.043750
0 0.831250 0.917500 0.055000 0.047500
0 0.839375 0.406250 0.053750 0.055000
0 0.936875 0.111875 0.046250 0.043750
0 0.816875 0.056250 0.038750 0.045000
0 0.875625 0.101250 0.043750 0.030000
0 0.801250 0.125000 0.052500 0.030000
0 0.936875 0.200000 0.053750 0.052500
0 0.913125 0.265000 0.053750 0.060000
0 0.958750 0.479375 0.035000 0.033750
0 0.915000 0.496875 0.035000 0.046250
0 0.797500 0.578125 0.047500 0.041250
0 0.940625 0.668125 0.033750 0.058750
0 0.970625 0.733125 0.058750 0.063750
0 0.975625 0.589375 0.048750 0.076250
0 0.343125 0.480000 0.031250 0.027500
0 0.078750 0.583750 0.015000 0.017500
0 0.129375 0.965000 0.083750 0.070000
0 0.511875 0.930000 0.033750 0.022500
0 0.558750 0.160000 0.040000 0.032500
0 0.730000 0.935000 0.030000 0.025000
0 0.759375 0.697500 0.031250 0.012500
0 0.468125 0.181875 0.021250 0.016250
0 0.207500 0.063750 0.035000 0.025000
0 0.073750 0.133750 0.047500 0.022500
