0 0.466875 0.148333 0.046250 0.053333
0 0.328750 0.165000 0.030000 0.033333
0 0.186875 0.132500 0.041250 0.028333
0 0.271875 0.017500 0.026250 0.031667
0 0.649375 0.210000 0.046250 0.053333
0 0.507500 0.612500 0.037500 0.028333
0 0.478750 0.749167 0.035000 0.055000
0 0.464375 0.692500 0.033750 0.021667
0 0.526250 0.831667 0.030000 0.023333
0 0.630000 0.941667 0.035000 0.030000
0 0.833125 0.729167 0.046250 0.075000
0 0.783750 0.635000 0.020000 0.016667
0 0.701875 0.629167 0.016250 0.008333
0 0.658125 0.605833 0.018750 0.041667
0 0.594375 0.540000 0.036250 0.043333
0 0.852500 0.448333 0.060000 0.056667
0 0.781250 0.211667 0.082500 0.060000
0 0.814375 0.266667 0.041250 0.040000
0 0.898750 0.119167 0.030000 0.041667
0 0.651875 0.049167 0.051250 0.041667
0 0.703750 0.109167 0.012500 0.018333
0 0.773750 0.081667 0.020000 0.026667
0 0.383125 0.941667 0.031250 0.026667
0 0.156250 0.630000 0.037500 0.030000
0 0.060000 0.320833 0.055000 0.038333
0 0.014375 0.386667 0.026250 0.043333
