0 0.081875 0.095625 0.048750 0.043750
0 0.053125 0.234375 0.046250 0.058750
0 0.081250 0.526250 0.040000 0.032500
0 0.016250 0.530625 0.020000 0.048750
0 0.099375 0.581250 0.041250 0.022500
0 0.121250 0.626250 0.037500 0.032500
0 0.043125 0.658750 0.041250 0.020000
0 0.040625 0.781875 0.031250 0.053750
0 0.081875 0.698750 0.033750 0.027500
0 0.210000 0.761875 0.022500 0.071250
0 0.262500 0.751875 0.037500 0.043750
0 0.338125 0.742500 0.036250 0.045000
0 0.151875 0.925000 0.018750 0.022500
0 0.217500 0.899375 0.062500 0.043750
0 0.248125 0.856875 0.038750 0.031250
0 0.281250 0.920000 0.027500 0.045000
0 0.330625 0.896875 0.046250 0.021250
0 0.258125 0.598125 0.018750 0.023750
0 0.490625 0.837500 0.021250 0.022500
0 0.409375 0.562500 0.036250 0.040000
0 0.486250 0.455000 0.050000 0.037500
0 0.634375 0.728750 0.028750 0.025000
0 0.610000 0.569375 0.022500 0.028750
0 0.361250 0.381875 0.032500 0.018750
0 0.484375 0.411875 0.033750 0.021250
0 0.273125 0.379375 0.031250 0.023750
0 0.239375 0.486875 0.028750 0.028750
0 0.539375 0.381875 0.041250 0.066250
0 0.591875 0.335625 0.078750 0.026250
0 0.413750 0.223750 0.087500 0.052500
0 0.476250 0.155000 0.050000 0.045000
0 0.415000 0.050625 0.042500 0.023750
0 0.148125 0.253750 0.078750 0.045000
0 0.088750 0.299375 0.070000 0.036250
0 0.191250 0.411875 0.032500 0.028750
0 0.106250 0.350000 0.057500 0.030000
0 0.192500 0.061250 0.030000 0.020000
0 0.196250 0.013125 0.050000 0.023750
0 0.808125 0.881250 0.038750 0.032500
0 0.801875 0.829375 0.043750 0.028750
0 0.972500 0.818750 0.042500 0.027500
0 0.809375 0.615625 0.031250 0.041250
0 0.926875 0.578750 0.033750 0.022500
0 0.979375 0.484375 0.041250 0.028750
0 0.914375 0.479375 0.048750 0.043750
0 0.809375 0.526250 0.041250 0.022500
0 0.798750 0.461250 0.040000 0.035000
0 0.662500 0.415000 0.035000 0.027500
0 0.706875 0.476875 0.018750 0.021250
0 0.724375 0.421875 0.056250 0.056250
0 0.775000 0.357500 0.057500 0.042500
0 0.678125 0.320625 0.021250 0.016250
0 0.767500 0.271250 0.050000 0.082500
0 0.779375 0.171875 0.063750 0.078750
0 0.794375 0.112500 0.046250 0.030000
0 0.707500 0.225000 0.037500 0.032500
0 0.638750 0.161250 0.077500 0.052500
0 0.268125 0.285625 0.041250 0.026250
0 0.946250 0.070000 0.037500 0.020000
0 0.829375 0.011875 0.096250 0.021250
0 0.941875 0.336875 0.036250 0.036250
0 0.013750 0.846250 0.020000 0.030000
0 0.712500 0.681250 0.027500 0.035000
