0 0.305000 0.752500 0.120000 0.131667
0 0.288750 0.904167 0.115000 0.091667
0 0.218750 0.547500 0.222500 0.288333
0 0.021250 0.770833 0.040000 0.035000
0 0.085625 0.522500 0.023750 0.075000
0 0.044375 0.168333 0.026250 0.036667
0 0.578750 0.540000 0.125000 0.093333
0 0.675000 0.944167 0.067500 0.071667
0 0.696875 0.855833 0.028750 0.101667
0 0.775000 0.819167 0.060000 0.105000
0 0.972500 0.655833 0.052500 0.051667
0 0.961250 0.579167 0.070000 0.058333
0 0.970000 0.171667 0.060000 0.180000
0 0.994375 0.323333 0.011250 0.030000
0 0.915625 0.076667 0.036250 0.043333
0 0.695625 0.201667 0.058750 0.060000
0 0.544375 0.125833 0.148750 0.215000
0 0.246250 0.021667 0.097500 0.040000
0 0.137500 0.025833 0.050000 0.048333
0 0.153125 0.703333 0.073750 0.030000
0 0.533750 0.920000 0.065000 0.080000
