0 0.034000 0.011333 0.016000 0.017333
0 0.024000 0.088333 0.014000 0.044667
0 0.067750 0.074333 0.032500 0.064667
0 0.080750 0.133667 0.027500 0.044667
0 0.052000 0.208667 0.029000 0.026667
0 0.058250 0.247333 0.024500 0.020000
0 0.040750 0.286667 0.033500 0.040000
0 0.087500 0.327000 0.020000 0.023333
0 0.048000 0.356000 0.023000 0.024000
0 0.137750 0.163333 0.020500 0.029333
0 0.126250 0.083333 0.015500 0.017333
0 0.017500 0.406667 0.010000 0.017333
0 0.026500 0.486000 0.013000 0.034667
0 0.090250 0.455667 0.029500 0.026000
0 0.060750 0.402333 0.014500 0.015333
0 0.083250 0.405333 0.028500 0.025333
0 0.038000 0.426000 0.009000 0.017333
0 0.058250 0.563333 0.012500 0.017333
0 0.116500 0.602333 0.014000 0.011333
0 0.108250 0.700000 0.028500 0.038667
0 0.104750 0.762000 0.017500 0.033333
0 0.091500 0.867000 0.038000 0.039333
0 0.032500 0.921000 0.027000 0.034000
0 0.076250 0.923667 0.014500 0.020667
0 0.140750 0.975000 0.011500 0.019333
0 0.237000 0.522333 0.033000 0.038000
0 0.170500 0.547000 0.044000 0.028667
0 0.287000 0.538333 0.014000 0.014000
0 0.247000 0.584333 0.010000 0.016667
0 0.313750 0.488333 0.019500 0.015333
0 0.243000 0.368000 0.048000 0.065333
0 0.343500 0.417333 0.014000 0.018667
0 0.301750 0.361667 0.025500 0.022000
0 0.311000 0.330333 0.014000 0.019333
0 0.151750 0.351667 0.018500 0.012667
0 0.182750 0.379333 0.031500 0.036000
0 0.163750 0.422000 0.017500 0.016000
0 0.202250 0.337000 0.016500 0.018000
0 0.220500 0.286333 0.030000 0.054000
0 0.290750 0.279333 0.021500 0.024000
0 0.164000 0.274000 0.040000 0.053333
0 0.195250 0.247333 0.013500 0.017333
0 0.171250 0.217667 0.032500 0.035333
0 0.254500 0.211000 0.038000 0.047333
0 0.330750 0.202000 0.013500 0.020000
0 0.322000 0.163333 0.029000 0.020000
0 0.378750 0.048333 0.027500 0.022000
0 0.386250 0.092333 0.020500 0.018000
0 0.336750 0.098000 0.018500 0.028000
0 0.385000 0.168667 0.025000 0.020000
0 0.393500 0.266667 0.039000 0.034667
0 0.357750 0.289667 0.020500 0.022000
0 0.385000 0.222333 0.012000 0.014000
0 0.338500 0.236000 0.018000 0.026667
0 0.436500 0.165333 0.020000 0.053333
0 0.475000 0.201667 0.035000 0.031333
0 0.507000 0.204000 0.019000 0.032000
0 0.443500 0.249000 0.027000 0.028667
0 0.469750 0.293000 0.016500 0.016667
0 0.418000 0.449667 0.024000 0.024667
0 0.490750 0.359667 0.017500 0.031333
0 0.449500 0.553333 0.015000 0.029333
0 0.483250 0.554333 0.025500 0.023333
0 0.458250 0.595000 0.024500 0.024667
0 0.476250 0.637000 0.025500 0.023333
0 0.381500 0.804000 0.029000 0.028000
0 0.364750 0.860667 0.014500 0.013333
0 0.406000 0.870333 0.022000 0.026000
0 0.438250 0.843333 0.013500 0.017333
0 0.479750 0.815000 0.019500 0.020667
0 0.477250 0.914000 0.016500 0.017333
0 0.508250 0.948000 0.012500 0.020000
0 0.599000 0.967667 0.036000 0.050000
0 0.702500 0.978000 0.027000 0.029333
0 0.664750 0.924667 0.017500 0.030667
0 0.624000 0.869000 0.014000 0.026000
0 0.649000 0.851000 0.013000 0.012667
0 0.628750 0.682667 0.017500 0.021333
0 0.663250 0.703000 0.010500 0.012667
0 0.654250 0.758000 0.009500 0.013333
0 0.653750 0.566000 0.025500 0.052000
0 0.602500 0.503333 0.021000 0.020000
0 0.658000 0.489667 0.032000 0.062000
0 0.674500 0.418333 0.024000 0.051333
0 0.547000 0.385000 0.013000 0.019333
0 0.535750 0.437333 0.018500 0.018667
0 0.532500 0.467333 0.009000 0.012000
0 0.590000 0.440000 0.006000 0.014667
0 0.570500 0.383667 0.011000 0.026000
0 0.635500 0.363000 0.022000 0.034000
0 0.587500 0.314000 0.063000 0.064000
0 0.557500 0.241667 0.029000 0.034000
0 0.611250 0.212333 0.036500 0.092667
0 0.567000 0.195000 0.030000 0.035333
0 0.586000 0.136667 0.020000 0.026667
0 0.645500 0.232667 0.010000 0.017333
0 0.650500 0.178333 0.020000 0.022000
0 0.621500 0.036667 0.021000 0.029333
0 0.580250 0.055000 0.020500 0.022000
0 0.596250 0.008000 0.014500 0.009333
0 0.807750 0.977667 0.044500 0.026000
0 0.842500 0.988667 0.011000 0.022667
0 0.791000 0.935333 0.023000 0.024000
0 0.783750 0.877667 0.046500 0.062000
0 0.729750 0.892000 0.017500 0.034667
0 0.715250 0.926000 0.014500 0.018667
0 0.726750 0.974000 0.012500 0.022667
0 0.799500 0.812667 0.028000 0.034667
0 0.863250 0.920667 0.014500 0.040000
0 0.849250 0.855000 0.019500 0.027333
0 0.801750 0.729000 0.037500 0.036667
0 0.838750 0.726333 0.019500 0.042000
0 0.730500 0.673000 0.017000 0.023333
0 0.711000 0.645667 0.022000 0.026000
0 0.735500 0.527333 0.018000 0.032000
0 0.706250 0.544000 0.009500 0.021333
0 0.761500 0.526333 0.011000 0.035333
0 0.802000 0.531667 0.015000 0.022000
0 0.821000 0.493667 0.020000 0.034000
0 0.791250 0.434000 0.033500 0.058667
0 0.699500 0.457000 0.017000 0.023333
0 0.705750 0.406000 0.025500 0.046667
0 0.735250 0.367667 0.044500 0.043333
0 0.821000 0.370333 0.020000 0.055333
0 0.701500 0.353333 0.018000 0.014667
0 0.711500 0.297333 0.022000 0.036000
0 0.734000 0.323000 0.010000 0.015333
0 0.750250 0.334667 0.010500 0.012000
0 0.792000 0.326333 0.042000 0.044667
0 0.796500 0.267333 0.033000 0.037333
0 0.751500 0.280333 0.024000 0.028667
0 0.747750 0.235667 0.046500 0.040667
0 0.756750 0.204333 0.016500 0.019333
0 0.725750 0.185667 0.033500 0.042000
0 0.720750 0.142000 0.025500 0.026667
0 0.661750 0.117333 0.020500 0.018667
0 0.657750 0.078000 0.022500 0.026667
0 0.613250 0.083667 0.018500 0.020667
0 0.666250 0.042000 0.007500 0.016000
0 0.724000 0.029000 0.030000 0.051333
0 0.729250 0.073333 0.014500 0.017333
0 0.751250 0.104333 0.029500 0.032667
0 0.796250 0.166667 0.010500 0.018667
0 0.763500 0.142333 0.017000 0.016667
0 0.789000 0.025333 0.037000 0.049333
0 0.838500 0.296667 0.015000 0.034667
0 0.822500 0.163667 0.011000 0.018000
0 0.871250 0.375333 0.013500 0.021333
0 0.848250 0.457667 0.014500 0.024667
0 0.859500 0.745000 0.007000 0.012667
0 0.859500 0.883000 0.008000 0.012667
0 0.900000 0.967667 0.034000 0.048667
0 0.960500 0.982667 0.016000 0.034667
0 0.927000 0.917667 0.014000 0.027333
0 0.988250 0.897333 0.018500 0.032000
0 0.917750 0.874667 0.046500 0.022667
0 0.886250 0.900000 0.019500 0.037333
0 0.970000 0.833667 0.013000 0.027333
0 0.981750 0.701667 0.025500 0.024667
0 0.936250 0.679000 0.028500 0.038000
0 0.968500 0.600333 0.045000 0.039333
0 0.878750 0.487667 0.023500 0.020667
0 0.956750 0.506000 0.013500 0.020000
0 0.916250 0.438000 0.025500 0.050667
0 0.967750 0.352000 0.023500 0.042667
0 0.974500 0.420000 0.011000 0.029333
0 0.969250 0.458000 0.016500 0.012000
0 0.887500 0.216667 0.037000 0.054667
0 0.879750 0.288000 0.047500 0.028000
0 0.891750 0.264000 0.009500 0.010667
0 0.979500 0.220667 0.012000 0.021333
0 0.890500 0.141667 0.015000 0.018000
0 0.930750 0.155667 0.017500 0.019333
0 0.951750 0.136667 0.010500 0.017333
0 0.928250 0.065000 0.020500 0.031333
0 0.955500 0.087667 0.011000 0.020667
0 0.933000 0.033667 0.024000 0.023333
0 0.985500 0.041000 0.019000 0.027333
0 0.965750 0.641667 0.019500 0.010000
