0 0.859250 0.021667 0.028500 0.039333
0 0.897250 0.174667 0.050500 0.153333
0 0.876000 0.452667 0.023000 0.080000
0 0.984750 0.093000 0.012500 0.026000
0 0.982000 0.558667 0.033000 0.049333
0 0.900250 0.395667 0.023500 0.042000
0 0.920500 0.341667 0.016000 0.031333
0 0.879250 0.759667 0.020500 0.019333
0 0.855750 0.715667 0.047500 0.040667
0 0.893250 0.672667 0.030500 0.078667
0 0.921500 0.816667 0.022000 0.030667
0 0.843750 0.886000 0.030500 0.080000
0 0.714750 0.501667 0.042500 0.043333
0 0.705500 0.574667 0.023000 0.037333
0 0.727750 0.124667 0.022500 0.034667
0 0.753000 0.219667 0.085000 0.107333
0 0.691500 0.289667 0.018000 0.031333
0 0.722250 0.331000 0.052500 0.034000
0 0.780250 0.325667 0.016500 0.024667
0 0.683500 0.134667 0.013000 0.045333
0 0.691250 0.692667 0.012500 0.070667
0 0.751250 0.699667 0.032500 0.064667
0 0.784250 0.767667 0.019500 0.039333
0 0.765750 0.807667 0.015500 0.016667
0 0.714750 0.773667 0.016500 0.020667
0 0.680250 0.207667 0.018500 0.028667
0 0.690500 0.027667 0.038000 0.044667
0 0.778500 0.040667 0.018000 0.030667
0 0.699500 0.951667 0.016000 0.032667
0 0.734750 0.908667 0.071500 0.044000
0 0.756250 0.546667 0.015500 0.061333
0 0.563250 0.021667 0.056500 0.039333
0 0.593250 0.083667 0.021500 0.079333
0 0.544250 0.213667 0.034500 0.031333
0 0.600000 0.226667 0.046000 0.096000
0 0.613500 0.456667 0.035000 0.049333
0 0.567750 0.332667 0.066500 0.102667
0 0.550000 0.494000 0.051000 0.044000
0 0.563500 0.562667 0.048000 0.082667
0 0.639250 0.414667 0.031500 0.044000
0 0.550000 0.154667 0.018000 0.021333
0 0.585500 0.151667 0.012000 0.024667
0 0.553500 0.765667 0.037000 0.038000
0 0.537500 0.830667 0.044000 0.034667
0 0.556000 0.901667 0.032000 0.080667
0 0.634250 0.704667 0.034500 0.053333
0 0.573750 0.635667 0.019500 0.024667
0 0.590750 0.398667 0.021500 0.022667
0 0.524500 0.937667 0.016000 0.040667
0 0.410750 0.040667 0.129500 0.069333
0 0.402750 0.198667 0.061500 0.176000
0 0.466750 0.253667 0.053500 0.138000
0 0.427750 0.422667 0.132500 0.250667
0 0.427250 0.618667 0.033500 0.068000
0 0.486000 0.578667 0.023000 0.044000
0 0.387000 0.590667 0.032000 0.044000
0 0.464250 0.729667 0.028500 0.027333
0 0.386500 0.715000 0.024000 0.046000
0 0.418750 0.676667 0.052500 0.037333
0 0.449500 0.860000 0.080000 0.236000
0 0.352750 0.845667 0.090500 0.130000
0 0.242250 0.274667 0.151500 0.538667
0 0.074000 0.278000 0.145000 0.552000
0 0.206500 0.569667 0.033000 0.048667
0 0.313500 0.586667 0.024000 0.042667
0 0.252500 0.724667 0.030000 0.050667
0 0.244000 0.869667 0.041000 0.034000
0 0.261750 0.970000 0.053500 0.060000
0 0.303500 0.688667 0.037000 0.118667
0 0.010500 0.586667 0.020000 0.033333
0 0.039000 0.628000 0.022000 0.032000
0 0.096250 0.590667 0.053500 0.028000
0 0.057000 0.689667 0.060000 0.014000
0 0.051250 0.913667 0.079500 0.136667
0 0.143250 0.832667 0.028500 0.062667
0 0.068250 0.769667 0.025500 0.028667
0 0.809250 0.227333 0.018500 0.045333
0 0.165500 0.946333 0.048000 0.079333
