0 0.036250 0.084000 0.060500 0.161333
0 0.120000 0.063000 0.044000 0.076667
0 0.103500 0.167333 0.045000 0.064000
0 0.035000 0.261667 0.066000 0.179333
0 0.099000 0.270333 0.054000 0.070000
0 0.035000 0.415667 0.063000 0.102000
0 0.028000 0.564333 0.044000 0.104667
0 0.113500 0.380333 0.015000 0.043333
0 0.085500 0.477667 0.030000 0.056667
0 0.068250 0.619333 0.025500 0.044000
0 0.019750 0.654000 0.034500 0.064000
0 0.011500 0.754333 0.022000 0.067333
0 0.059500 0.707333 0.030000 0.036000
0 0.024750 0.850333 0.039500 0.072667
0 0.079750 0.779333 0.017500 0.022667
0 0.088000 0.852667 0.036000 0.022667
0 0.035500 0.977667 0.024000 0.043333
0 0.074250 0.947667 0.036500 0.091333
0 0.142500 0.915667 0.033000 0.020667
0 0.137750 0.775333 0.017500 0.025333
0 0.201250 0.731333 0.044500 0.034667
0 0.152000 0.586333 0.018000 0.022000
0 0.148250 0.676667 0.040500 0.062667
0 0.147250 0.524000 0.031500 0.040000
0 0.229500 0.408333 0.026000 0.042000
0 0.215750 0.207667 0.056500 0.104667
0 0.181750 0.105000 0.047500 0.058000
0 0.235000 0.077000 0.041000 0.050000
0 0.240250 0.023000 0.053500 0.032667
0 0.174250 0.030333 0.056500 0.056667
0 0.156000 0.317333 0.037000 0.048000
0 0.200250 0.439667 0.014500 0.048667
0 0.136750 0.971667 0.022500 0.038000
0 0.278750 0.834000 0.041500 0.044000
0 0.317750 0.830667 0.019500 0.032000
0 0.273750 0.988000 0.031500 0.024000
0 0.266000 0.729000 0.016000 0.039333
0 0.311500 0.677667 0.045000 0.052667
0 0.329750 0.749667 0.011500 0.018000
0 0.355000 0.722000 0.017000 0.013333
0 0.326500 0.533000 0.026000 0.044667
0 0.351250 0.437000 0.016500 0.028667
0 0.284750 0.423000 0.016500 0.031333
0 0.301500 0.295000 0.026000 0.060667
0 0.356750 0.323333 0.042500 0.033333
0 0.358500 0.382667 0.038000 0.018667
0 0.316750 0.170667 0.045500 0.064000
0 0.367500 0.189000 0.028000 0.038000
0 0.375750 0.248000 0.021500 0.030667
0 0.340250 0.266000 0.018500 0.022667
0 0.370250 0.090667 0.019500 0.041333
0 0.393250 0.069000 0.012500 0.023333
0 0.297500 0.091333 0.028000 0.062667
0 0.325250 0.032333 0.013500 0.015333
0 0.472250 0.021000 0.076500 0.038000
0 0.520500 0.057333 0.019000 0.024000
0 0.466500 0.109667 0.023000 0.043333
0 0.457250 0.167000 0.044500 0.062000
0 0.525750 0.203667 0.026500 0.090000
0 0.556250 0.180000 0.019500 0.014667
0 0.530500 0.261667 0.014000 0.010000
0 0.450000 0.272667 0.010000 0.016000
0 0.489750 0.218667 0.013500 0.008000
0 0.449000 0.354333 0.021000 0.027333
0 0.411750 0.339333 0.012500 0.036000
0 0.505000 0.338333 0.037000 0.026000
0 0.417500 0.438667 0.016000 0.013333
0 0.437750 0.406333 0.016500 0.011333
0 0.458500 0.605000 0.012000 0.026000
0 0.450250 0.573333 0.014500 0.014667
0 0.426000 0.731333 0.016000 0.025333
0 0.406750 0.791333 0.013500 0.016000
0 0.403750 0.888000 0.015500 0.013333
0 0.524500 0.706667 0.007000 0.024000
0 0.532500 0.767333 0.010000 0.009333
0 0.416750 0.591000 0.018500 0.022000
0 0.510500 0.960667 0.032000 0.034667
0 0.550500 0.954000 0.017000 0.008000
0 0.619000 0.890667 0.037000 0.054667
0 0.627250 0.803000 0.040500 0.042000
0 0.572250 0.704000 0.023500 0.030667
0 0.553750 0.756000 0.015500 0.024000
0 0.607250 0.670667 0.025500 0.041333
0 0.650750 0.689667 0.020500 0.031333
0 0.660500 0.572667 0.013000 0.018667
0 0.646000 0.537000 0.024000 0.032667
0 0.605750 0.357667 0.081500 0.083333
0 0.632250 0.289333 0.038500 0.032000
0 0.665750 0.200667 0.016500 0.022667
0 0.613750 0.219333 0.050500 0.052000
0 0.592250 0.107000 0.037500 0.056667
0 0.644750 0.124667 0.025500 0.032000
0 0.642750 0.039000 0.063500 0.064667
0 0.770250 0.073000 0.108500 0.124667
0 0.685000 0.233667 0.015000 0.023333
0 0.754000 0.230333 0.092000 0.088667
0 0.761250 0.331667 0.085500 0.080667
0 0.694250 0.340667 0.022500 0.038667
0 0.791500 0.468000 0.054000 0.096000
0 0.800250 0.533000 0.014500 0.024667
0 0.810250 0.615333 0.030500 0.058667
0 0.735500 0.682667 0.104000 0.134667
0 0.725000 0.501667 0.010000 0.039333
0 0.801750 0.750667 0.014500 0.025333
0 0.793750 0.856667 0.046500 0.069333
0 0.706250 0.886333 0.012500 0.019333
0 0.682750 0.937667 0.018500 0.042000
0 0.696750 0.992333 0.012500 0.015333
0 0.823750 0.949333 0.018500 0.006667
0 0.722500 0.599333 0.011000 0.014667
0 0.684250 0.507000 0.012500 0.012667
0 0.711500 0.494333 0.022000 0.015333
0 0.681750 0.477667 0.015500 0.011333
0 0.572250 0.528667 0.021500 0.020000
0 0.861000 0.962333 0.015000 0.022000
0 0.917750 0.949000 0.023500 0.022000
0 0.886000 0.870333 0.061000 0.043333
0 0.904000 0.751333 0.037000 0.090667
0 0.961000 0.817667 0.038000 0.048667
0 0.887750 0.625333 0.054500 0.113333
0 0.906250 0.543333 0.035500 0.038667
0 0.962250 0.582333 0.039500 0.079333
0 0.963000 0.670333 0.034000 0.038000
0 0.968500 0.738333 0.022000 0.024667
0 0.921000 0.386667 0.158000 0.057333
0 0.936750 0.125000 0.126500 0.239333
0 0.937750 0.303333 0.124500 0.086667
0 0.942500 0.481667 0.086000 0.043333
0 0.858000 0.472667 0.013000 0.033333
0 0.838750 0.668333 0.011500 0.007333
