0 0.069000 0.011333 0.035000 0.021333
0 0.015750 0.038333 0.021500 0.052667
0 0.051000 0.118000 0.021000 0.040000
0 0.082250 0.172000 0.039500 0.041333
0 0.018000 0.237000 0.028000 0.043333
0 0.010750 0.342333 0.018500 0.060667
0 0.069250 0.321667 0.049500 0.071333
0 0.051250 0.394333 0.029500 0.031333
0 0.089500 0.412667 0.024000 0.029333
0 0.008250 0.437000 0.012500 0.048667
0 0.009500 0.531667 0.015000 0.087333
0 0.081500 0.686000 0.053000 0.064000
0 0.032000 0.755333 0.022000 0.049333
0 0.023000 0.803333 0.012000 0.012000
0 0.123000 0.788333 0.020000 0.027333
0 0.183750 0.949333 0.018500 0.021333
0 0.199500 0.784667 0.043000 0.040000
0 0.173000 0.701333 0.031000 0.016000
0 0.155500 0.469667 0.037000 0.062000
0 0.148250 0.387000 0.028500 0.036667
0 0.187250 0.093667 0.066500 0.064667
0 0.283000 0.069000 0.034000 0.043333
0 0.324750 0.044333 0.009500 0.034000
0 0.295750 0.537000 0.018500 0.028667
0 0.336250 0.722333 0.027500 0.038000
0 0.499250 0.886000 0.050500 0.054667
0 0.501000 0.966000 0.040000 0.054667
0 0.592000 0.963667 0.068000 0.066000
0 0.599000 0.903667 0.031000 0.034000
0 0.522000 0.781667 0.081000 0.150000
0 0.540500 0.658000 0.022000 0.018667
0 0.495000 0.602667 0.046000 0.098667
0 0.535750 0.544667 0.033500 0.036000
0 0.581250 0.463667 0.022500 0.039333
0 0.444500 0.520333 0.021000 0.016667
0 0.477750 0.396333 0.051500 0.080667
0 0.463000 0.213333 0.016000 0.033333
0 0.475000 0.076667 0.051000 0.069333
0 0.517250 0.182000 0.013500 0.029333
0 0.629750 0.044000 0.052500 0.074667
0 0.744250 0.100333 0.018500 0.016667
0 0.637000 0.137000 0.040000 0.072667
0 0.625250 0.278667 0.049500 0.030667
0 0.701500 0.360667 0.059000 0.073333
0 0.693000 0.548000 0.078000 0.212000
0 0.757000 0.416667 0.013000 0.026667
0 0.680000 0.858667 0.089000 0.252000
0 0.748750 0.770667 0.034500 0.113333
0 0.768500 0.952333 0.036000 0.088667
0 0.813000 0.625333 0.037000 0.032000
0 0.823250 0.698667 0.021500 0.038667
0 0.827500 0.754000 0.019000 0.026667
0 0.887750 0.905333 0.086500 0.150667
0 0.822750 0.993000 0.008500 0.014000
0 0.772500 0.488667 0.019000 0.020000
0 0.860250 0.541000 0.049500 0.075333
0 0.889000 0.410000 0.048000 0.117333
0 0.845500 0.453667 0.016000 0.016667
0 0.807000 0.112333 0.018000 0.040667
0 0.125750 0.217667 0.014500 0.028667
0 0.163250 0.321000 0.015500 0.020667
