0 0.049500 0.028333 0.047000 0.044667
0 0.073250 0.096667 0.051500 0.062667
0 0.017250 0.130667 0.025500 0.032000
0 0.062500 0.192667 0.027000 0.018667
0 0.007750 0.196000 0.013500 0.028000
0 0.042250 0.262333 0.040500 0.048667
0 0.081500 0.259667 0.022000 0.032667
0 0.083250 0.321667 0.017500 0.028667
0 0.087250 0.403000 0.027500 0.058000
0 0.019750 0.420667 0.016500 0.012000
0 0.079000 0.443000 0.007000 0.011333
0 0.025750 0.569333 0.032500 0.050667
0 0.067750 0.585000 0.011500 0.034000
0 0.011000 0.763667 0.017000 0.039333
0 0.076250 0.714333 0.025500 0.063333
0 0.064500 0.643333 0.024000 0.013333
0 0.069500 0.794000 0.012000 0.014667
0 0.105250 0.749000 0.009500 0.027333
0 0.108750 0.881667 0.023500 0.066000
0 0.074750 0.885333 0.031500 0.030667
0 0.048500 0.835667 0.015000 0.027333
0 0.018000 0.884667 0.012000 0.029333
0 0.094250 0.534333 0.007500 0.015333
0 0.034750 0.992000 0.012500 0.016000
0 0.172250 0.983667 0.047500 0.032667
0 0.235500 0.914000 0.038000 0.041333
0 0.274750 0.902333 0.015500 0.030000
0 0.173000 0.897667 0.017000 0.019333
0 0.172500 0.828333 0.035000 0.039333
0 0.256250 0.837000 0.014500 0.024667
0 0.251000 0.730333 0.018000 0.040667
0 0.185750 0.674667 0.024500 0.020000
0 0.199250 0.716667 0.041500 0.028000
0 0.241500 0.630000 0.027000 0.036000
0 0.168250 0.630667 0.026500 0.046667
0 0.159250 0.549333 0.049500 0.024000
0 0.209750 0.564000 0.024500 0.022667
0 0.183750 0.505000 0.009500 0.014000
0 0.221250 0.387000 0.031500 0.042000
0 0.154750 0.368000 0.022500 0.049333
0 0.178250 0.315000 0.010500 0.015333
0 0.262500 0.305667 0.007000 0.014000
0 0.263250 0.241000 0.011500 0.018000
0 0.221000 0.237667 0.016000 0.016667
0 0.234500 0.201667 0.017000 0.015333
0 0.234250 0.153000 0.014500 0.019333
0 0.149500 0.165000 0.034000 0.046000
0 0.182500 0.104000 0.017000 0.033333
0 0.149750 0.093000 0.033500 0.035333
0 0.310750 0.125667 0.013500 0.023333
0 0.287000 0.080667 0.009000 0.014667
0 0.374500 0.167333 0.008000 0.012000
0 0.368750 0.125667 0.031500 0.035333
0 0.338000 0.112000 0.011000 0.020000
0 0.315000 0.173000 0.021000 0.019333
0 0.352500 0.066333 0.025000 0.024667
0 0.403250 0.180000 0.009500 0.036000
0 0.322000 0.410000 0.045000 0.030667
0 0.302250 0.482333 0.008500 0.023333
0 0.300000 0.552667 0.011000 0.020000
0 0.394500 0.508333 0.020000 0.027333
0 0.346000 0.563333 0.027000 0.021333
0 0.375000 0.631667 0.015000 0.012667
0 0.404750 0.615000 0.014500 0.022000
0 0.313250 0.691000 0.040500 0.035333
0 0.345250 0.640000 0.014500 0.012000
0 0.317250 0.757667 0.010500 0.012667
0 0.311250 0.859667 0.010500 0.018000
0 0.337750 0.831333 0.021500 0.028000
0 0.361250 0.756000 0.020500 0.028000
0 0.385000 0.849667 0.031000 0.022000
0 0.401000 0.940667 0.055000 0.096000
0 0.318500 0.917667 0.011000 0.018000
0 0.524500 0.940667 0.022000 0.016000
0 0.587000 0.954000 0.013000 0.022667
0 0.506250 0.874667 0.046500 0.046667
0 0.549500 0.826000 0.027000 0.036000
0 0.495250 0.782333 0.018500 0.027333
0 0.521500 0.754000 0.009000 0.014667
0 0.564500 0.752333 0.016000 0.020667
0 0.526750 0.680000 0.033500 0.028000
0 0.579750 0.660000 0.015500 0.009333
0 0.480000 0.723667 0.032000 0.022000
0 0.479250 0.664000 0.023500 0.029333
0 0.487500 0.500667 0.022000 0.030667
0 0.491250 0.380333 0.041500 0.054000
0 0.532750 0.507000 0.032500 0.030000
0 0.463750 0.247333 0.014500 0.021333
0 0.486250 0.196000 0.024500 0.024000
0 0.522000 0.053667 0.022000 0.027333
0 0.481250 0.097000 0.019500 0.022000
0 0.633250 0.044000 0.029500 0.034667
0 0.590500 0.036333 0.015000 0.022000
0 0.674500 0.170667 0.018000 0.021333
0 0.604750 0.369333 0.041500 0.018667
0 0.587500 0.292000 0.016000 0.017333
0 0.615250 0.690333 0.018500 0.024667
0 0.676750 0.678000 0.036500 0.041333
0 0.663500 0.486000 0.017000 0.016000
0 0.639500 0.756000 0.012000 0.014667
0 0.635250 0.874333 0.048500 0.055333
0 0.630500 0.965000 0.030000 0.056667
0 0.759750 0.970333 0.039500 0.034000
0 0.793000 0.563667 0.026000 0.022000
0 0.746750 0.542667 0.017500 0.032000
0 0.764500 0.533333 0.012000 0.017333
0 0.741250 0.462000 0.025500 0.016000
0 0.778250 0.453000 0.014500 0.010000
0 0.812250 0.386667 0.030500 0.041333
0 0.762250 0.376333 0.023500 0.022000
0 0.721250 0.066667 0.018500 0.030667
0 0.778750 0.076000 0.013500 0.016000
0 0.823750 0.078000 0.028500 0.041333
0 0.873000 0.160333 0.019000 0.018000
0 0.910000 0.175000 0.017000 0.018000
0 0.914250 0.077333 0.015500 0.038667
0 0.902250 0.020000 0.026500 0.028000
0 0.881250 0.057000 0.017500 0.015333
0 0.980250 0.183667 0.037500 0.050000
0 0.981000 0.245333 0.013000 0.017333
0 0.929250 0.299667 0.012500 0.015333
0 0.908250 0.233333 0.024500 0.030667
0 0.950000 0.237000 0.010000 0.016667
0 0.883000 0.509667 0.012000 0.024667
0 0.957500 0.886667 0.018000 0.038667
0 0.944000 0.571667 0.008000 0.023333
0 0.936500 0.486667 0.008000 0.016000
0 0.955250 0.524000 0.012500 0.034667
