0 0.049250 0.056000 0.097500 0.092000
0 0.051750 0.179667 0.101500 0.118000
0 0.050750 0.338333 0.094500 0.186000
0 0.144000 0.119333 0.085000 0.110667
0 0.150750 0.023667 0.050500 0.043333
0 0.052250 0.492333 0.021500 0.031333
0 0.038500 0.601667 0.019000 0.036667
0 0.047000 0.548000 0.023000 0.020000
0 0.083250 0.617667 0.012500 0.055333
0 0.026000 0.682333 0.051000 0.076667
0 0.013250 0.739000 0.024500 0.014000
0 0.075500 0.683000 0.015000 0.015333
0 0.010500 0.911667 0.020000 0.080667
0 0.046500 0.906000 0.016000 0.049333
0 0.193750 0.783333 0.027500 0.062667
0 0.200250 0.715333 0.012500 0.020000
0 0.153750 0.448000 0.043500 0.041333
0 0.151750 0.287000 0.054500 0.074000
0 0.177250 0.220000 0.079500 0.060000
0 0.233750 0.167333 0.030500 0.042667
0 0.228500 0.056333 0.035000 0.106000
0 0.239500 0.229333 0.021000 0.033333
0 0.290500 0.908667 0.030000 0.013333
0 0.276250 0.955667 0.024500 0.018000
0 0.376750 0.762000 0.040500 0.028000
0 0.351500 0.837333 0.034000 0.040000
0 0.259750 0.744000 0.016500 0.024000
0 0.292250 0.660000 0.058500 0.025333
0 0.314500 0.544000 0.054000 0.044000
0 0.289000 0.421000 0.031000 0.078000
0 0.258250 0.359333 0.030500 0.020000
0 0.338500 0.410000 0.047000 0.093333
0 0.303000 0.276333 0.067000 0.075333
0 0.334250 0.172000 0.106500 0.110667
0 0.369250 0.085333 0.080500 0.042667
0 0.338000 0.028667 0.080000 0.030667
0 0.240000 0.262667 0.010000 0.009333
0 0.228500 0.558667 0.010000 0.020000
0 0.384000 0.307667 0.026000 0.019333
0 0.448000 0.984667 0.015000 0.030667
0 0.466750 0.924333 0.023500 0.050000
0 0.466500 0.820333 0.047000 0.059333
0 0.459250 0.737000 0.020500 0.036667
0 0.473250 0.589333 0.019500 0.010667
0 0.444000 0.395333 0.028000 0.020000
0 0.469000 0.501000 0.033000 0.032667
0 0.513500 0.471667 0.044000 0.054000
0 0.532000 0.432333 0.046000 0.042000
0 0.445000 0.307667 0.012000 0.032667
0 0.457250 0.241667 0.026500 0.034000
0 0.432250 0.160000 0.022500 0.009333
0 0.463750 0.187000 0.014500 0.028667
0 0.482750 0.161333 0.026500 0.024000
0 0.455500 0.114333 0.017000 0.024667
0 0.490750 0.075667 0.034500 0.026000
0 0.522500 0.083000 0.020000 0.016667
0 0.528750 0.162000 0.026500 0.032000
0 0.563250 0.103667 0.019500 0.036667
0 0.563750 0.165333 0.023500 0.045333
0 0.548500 0.479000 0.010000 0.016667
0 0.628500 0.937667 0.018000 0.018000
0 0.658500 0.936000 0.016000 0.024000
0 0.654500 0.793000 0.019000 0.016667
0 0.650750 0.665667 0.020500 0.038000
0 0.686750 0.686333 0.013500 0.026000
0 0.692250 0.616333 0.026500 0.016667
0 0.646750 0.383667 0.034500 0.111333
0 0.670750 0.319667 0.016500 0.020667
0 0.595750 0.356000 0.015500 0.020000
0 0.613000 0.180667 0.022000 0.056000
0 0.658000 0.171000 0.033000 0.028667
0 0.623750 0.093667 0.030500 0.027333
0 0.741500 0.403667 0.012000 0.015333
0 0.793250 0.075667 0.021500 0.042000
0 0.884500 0.089667 0.050000 0.063333
0 0.880750 0.165000 0.044500 0.034000
0 0.808750 0.223667 0.024500 0.022000
0 0.773250 0.287000 0.030500 0.019333
0 0.791750 0.441667 0.012500 0.020667
0 0.813250 0.492333 0.010500 0.030000
0 0.812250 0.834000 0.057500 0.074667
0 0.792250 0.937000 0.019500 0.063333
0 0.843750 0.912333 0.041500 0.043333
0 0.904000 0.795000 0.014000 0.036667
0 0.906250 0.880667 0.011500 0.026667
0 0.926000 0.922333 0.011000 0.030000
0 0.943250 0.895333 0.008500 0.005333
0 0.927000 0.835667 0.009000 0.014000
0 0.970750 0.678000 0.017500 0.016000
0 0.953750 0.331000 0.009500 0.012667
0 0.960000 0.078333 0.031000 0.054000
0 0.915250 0.025000 0.008500 0.018000
0 0.188000 0.576000 0.019000 0.009333
0 0.125000 0.817333 0.020000 0.021333
0 0.152000 0.697333 0.015000 0.017333
0 0.200000 0.479667 0.019000 0.023333
0 0.127000 0.523667 0.024000 0.024667
