0 0.008500 0.303000 0.012000 0.054000
0 0.014000 0.048333 0.012000 0.016667
0 0.008250 0.582000 0.012500 0.017333
0 0.028000 0.430667 0.018000 0.017333
0 0.078750 0.469667 0.053500 0.050000
0 0.091750 0.713667 0.065500 0.148667
0 0.118500 0.569333 0.021000 0.013333
0 0.139750 0.464667 0.012500 0.025333
0 0.150500 0.420333 0.020000 0.012667
0 0.099750 0.335667 0.015500 0.034000
0 0.098750 0.305000 0.023500 0.014000
0 0.136250 0.296000 0.024500 0.020000
0 0.068000 0.230333 0.017000 0.018000
0 0.133500 0.094000 0.048000 0.054667
0 0.060250 0.129000 0.038500 0.030000
0 0.070000 0.167000 0.035000 0.018000
0 0.070500 0.066667 0.027000 0.021333
0 0.197000 0.062333 0.042000 0.074000
0 0.289500 0.059333 0.069000 0.070667
0 0.255000 0.157667 0.072000 0.088667
0 0.184750 0.204333 0.016500 0.012667
0 0.194000 0.323667 0.026000 0.054000
0 0.278250 0.332333 0.055500 0.062000
0 0.290750 0.230333 0.034500 0.018000
0 0.274000 0.482333 0.055000 0.032667
0 0.279250 0.423000 0.014500 0.010000
0 0.316500 0.391333 0.008000 0.018667
0 0.163000 0.700000 0.008000 0.018667
0 0.152000 0.681333 0.007000 0.016000
0 0.044500 0.864000 0.026000 0.054667
0 0.008750 0.645333 0.009500 0.022667
0 0.003750 0.794000 0.006500 0.028000
0 0.121250 0.841333 0.032500 0.029333
0 0.074000 0.817000 0.030000 0.040667
0 0.125000 0.911333 0.017000 0.016000
0 0.195500 0.930000 0.024000 0.052000
0 0.255500 0.960667 0.062000 0.038667
0 0.181500 0.851333 0.025000 0.024000
0 0.206500 0.781000 0.042000 0.032667
0 0.255500 0.844667 0.034000 0.044000
0 0.281500 0.769000 0.048000 0.071333
0 0.245000 0.794333 0.006000 0.024667
0 0.203250 0.662333 0.057500 0.106000
0 0.275750 0.655000 0.069500 0.100667
0 0.274250 0.582333 0.026500 0.014000
0 0.199750 0.375333 0.011500 0.009333
0 0.198000 0.511000 0.033000 0.020667
0 0.200000 0.474000 0.016000 0.009333
0 0.360500 0.044667 0.024000 0.064000
0 0.367500 0.732333 0.035000 0.056667
0 0.437250 0.757000 0.066500 0.060667
0 0.387500 0.631333 0.050000 0.056000
0 0.378000 0.506000 0.052000 0.058667
0 0.367750 0.410333 0.043500 0.111333
0 0.431750 0.416333 0.021500 0.022000
0 0.410000 0.450667 0.017000 0.022667
0 0.456250 0.707333 0.012500 0.018667
0 0.464500 0.519667 0.030000 0.043333
0 0.447750 0.311000 0.055500 0.064667
0 0.397250 0.219667 0.023500 0.084667
0 0.443250 0.233000 0.028500 0.038000
0 0.447250 0.115333 0.064500 0.072000
0 0.411500 0.821667 0.037000 0.036667
0 0.359000 0.903000 0.026000 0.056667
0 0.429250 0.954333 0.031500 0.063333
0 0.494250 0.982667 0.020500 0.034667
0 0.518000 0.885333 0.043000 0.052000
0 0.574000 0.914333 0.038000 0.031333
0 0.608000 0.969000 0.016000 0.018000
0 0.523500 0.807000 0.032000 0.042000
0 0.587250 0.794333 0.062500 0.051333
0 0.603500 0.733333 0.012000 0.025333
0 0.522250 0.705000 0.051500 0.060667
0 0.521250 0.585000 0.020500 0.024667
0 0.531750 0.513000 0.048500 0.034000
0 0.622000 0.459333 0.011000 0.029333
0 0.621250 0.420667 0.015500 0.017333
0 0.560500 0.300667 0.026000 0.034667
0 0.632250 0.246333 0.005500 0.019333
0 0.529500 0.216667 0.034000 0.069333
0 0.597000 0.189333 0.080000 0.041333
0 0.542500 0.106667 0.038000 0.044000
0 0.626500 0.034667 0.031000 0.050667
0 0.553500 0.016333 0.023000 0.031333
0 0.533750 0.065667 0.016500 0.027333
0 0.715750 0.944667 0.023500 0.046667
0 0.653000 0.913667 0.017000 0.026000
0 0.692500 0.902000 0.014000 0.008000
0 0.727750 0.679000 0.010500 0.024667
0 0.676500 0.607000 0.021000 0.020667
0 0.700000 0.550667 0.030000 0.053333
0 0.729750 0.570667 0.015500 0.010667
0 0.697250 0.435667 0.031500 0.042000
0 0.751250 0.447000 0.020500 0.026000
0 0.670750 0.375667 0.022500 0.024667
0 0.708500 0.364000 0.017000 0.032000
0 0.755500 0.333667 0.022000 0.030000
0 0.701250 0.269333 0.009500 0.025333
0 0.741500 0.278000 0.021000 0.022667
0 0.725500 0.108333 0.015000 0.015333
0 0.675750 0.056333 0.015500 0.022000
0 0.865000 0.116333 0.030000 0.050000
0 0.798250 0.209000 0.026500 0.047333
0 0.798750 0.293667 0.009500 0.030000
0 0.792250 0.253000 0.016500 0.020667
0 0.885000 0.179000 0.022000 0.027333
0 0.805000 0.379667 0.039000 0.064667
0 0.863250 0.402667 0.037500 0.054667
0 0.788500 0.531667 0.022000 0.031333
0 0.790250 0.478333 0.016500 0.019333
0 0.875250 0.528000 0.020500 0.045333
0 0.798750 0.735000 0.024500 0.031333
0 0.769500 0.733667 0.017000 0.014000
0 0.817250 0.870000 0.050500 0.072000
0 0.793250 0.972333 0.053500 0.035333
0 0.852750 0.980333 0.015500 0.026000
0 0.972250 0.408333 0.043500 0.080667
0 0.953500 0.072667 0.019000 0.033333
0 0.947750 0.619667 0.037500 0.044667
0 0.955250 0.931000 0.057500 0.104667
