0 0.070250 0.057000 0.062500 0.074000
0 0.017250 0.215000 0.024500 0.063333
0 0.107250 0.188333 0.015500 0.047333
0 0.045750 0.345000 0.042500 0.082000
0 0.056750 0.465333 0.012500 0.013333
0 0.006250 0.702667 0.005500 0.022667
0 0.106500 0.498667 0.013000 0.020000
0 0.084250 0.565000 0.028500 0.027333
0 0.076500 0.687000 0.048000 0.086000
0 0.091500 0.866333 0.050000 0.059333
0 0.137750 0.953000 0.034500 0.019333
0 0.200000 0.910000 0.034000 0.033333
0 0.207500 0.956000 0.023000 0.032000
0 0.251250 0.858667 0.024500 0.040000
0 0.224250 0.586333 0.032500 0.067333
0 0.170000 0.577333 0.015000 0.029333
0 0.181500 0.415000 0.021000 0.019333
0 0.212250 0.424000 0.009500 0.037333
0 0.236000 0.388000 0.016000 0.018667
0 0.185500 0.205333 0.011000 0.020000
0 0.181250 0.106333 0.021500 0.014000
0 0.266000 0.046667 0.013000 0.009333
0 0.350250 0.129333 0.029500 0.056000
0 0.318500 0.026000 0.015000 0.016000
0 0.348500 0.221667 0.039000 0.054000
0 0.277750 0.364000 0.026500 0.021333
0 0.319250 0.396333 0.016500 0.012667
0 0.331750 0.498667 0.021500 0.040000
0 0.328000 0.440000 0.030000 0.020000
0 0.369750 0.310333 0.012500 0.024667
0 0.327000 0.317000 0.013000 0.011333
0 0.315750 0.634333 0.024500 0.028667
0 0.364000 0.595333 0.012000 0.010667
0 0.359750 0.883333 0.055500 0.057333
0 0.375750 0.762333 0.029500 0.047333
0 0.306250 0.879000 0.013500 0.030000
0 0.338250 0.981333 0.068500 0.037333
0 0.404500 0.959000 0.009000 0.026000
0 0.316750 0.738000 0.036500 0.065333
0 0.444000 0.572000 0.017000 0.022667
0 0.471000 0.613333 0.013000 0.021333
0 0.516750 0.596667 0.040500 0.057333
0 0.460250 0.801000 0.041500 0.080667
0 0.532250 0.799667 0.008500 0.024667
0 0.474500 0.984333 0.034000 0.031333
0 0.521750 0.954000 0.038500 0.042667
0 0.439750 0.451000 0.013500 0.016667
0 0.478750 0.435000 0.013500 0.015333
0 0.425250 0.310000 0.039500 0.092000
0 0.457750 0.149000 0.025500 0.046000
0 0.504250 0.053000 0.049500 0.090000
0 0.641750 0.014667 0.015500 0.025333
0 0.636000 0.068667 0.013000 0.040000
0 0.637750 0.159000 0.013500 0.018000
0 0.578500 0.201000 0.021000 0.042000
0 0.616750 0.253667 0.018500 0.024667
0 0.586750 0.277667 0.010500 0.011333
0 0.649750 0.571000 0.018500 0.024667
0 0.638250 0.520667 0.016500 0.034667
0 0.593750 0.506000 0.013500 0.020000
0 0.604750 0.468667 0.012500 0.009333
0 0.605500 0.745667 0.014000 0.020667
0 0.636000 0.802667 0.021000 0.025333
0 0.643250 0.711000 0.031500 0.020667
0 0.584750 0.855333 0.016500 0.017333
0 0.614000 0.896667 0.006000 0.014667
0 0.656000 0.937000 0.013000 0.012667
0 0.663750 0.890000 0.016500 0.016000
0 0.533250 0.677000 0.025500 0.039333
0 0.774250 0.928000 0.018500 0.017333
0 0.806750 0.921667 0.013500 0.016667
0 0.747500 0.956333 0.017000 0.016667
0 0.743250 0.853667 0.020500 0.051333
0 0.688000 0.787667 0.008000 0.011333
0 0.806000 0.791333 0.013000 0.021333
0 0.741750 0.456000 0.015500 0.012000
0 0.712500 0.037333 0.039000 0.058667
0 0.709750 0.085333 0.014500 0.016000
0 0.790750 0.012667 0.058500 0.024000
0 0.932250 0.126333 0.030500 0.034000
0 0.854750 0.115000 0.013500 0.018000
0 0.935000 0.017667 0.014000 0.007333
0 0.969750 0.016333 0.009500 0.011333
0 0.988750 0.059333 0.014500 0.014667
0 0.969000 0.080667 0.013000 0.021333
0 0.971500 0.137000 0.016000 0.020667
0 0.962250 0.208333 0.016500 0.011333
0 0.954250 0.297000 0.018500 0.022000
0 0.964750 0.373000 0.032500 0.014000
0 0.887750 0.345667 0.005500 0.010000
0 0.888750 0.470333 0.021500 0.014000
0 0.927750 0.419667 0.015500 0.011333
0 0.875000 0.572333 0.021000 0.027333
0 0.888000 0.820333 0.029000 0.042000
0 0.932250 0.772333 0.017500 0.019333
0 0.956250 0.729667 0.023500 0.042000
0 0.890500 0.957667 0.051000 0.084667
0 0.958500 0.968000 0.031000 0.044000
0 0.956750 0.871667 0.038500 0.028667
0 0.951750 0.820667 0.019500 0.022667
0 0.710000 0.298000 0.020000 0.017333
0 0.751250 0.368000 0.016500 0.018667
0 0.801250 0.092000 0.016500 0.026667
0 0.196500 0.334000 0.033000 0.024000
0 0.229500 0.733667 0.035000 0.054000
0 0.490750 0.211000 0.038500 0.030000
