0 0.019750 0.138667 0.017500 0.086667
0 0.018000 0.259667 0.027000 0.051333
0 0.019000 0.469667 0.014000 0.048667
0 0.023500 0.586667 0.016000 0.020000
0 0.107500 0.069667 0.034000 0.039333
0 0.085000 0.146667 0.017000 0.037333
0 0.066250 0.130000 0.020500 0.016000
0 0.125250 0.248667 0.021500 0.021333
0 0.116500 0.394667 0.050000 0.054667
0 0.063000 0.462667 0.039000 0.041333
0 0.109000 0.477667 0.017000 0.020667
0 0.109500 0.541667 0.042000 0.055333
0 0.055750 0.618667 0.031500 0.078667
0 0.080000 0.574667 0.013000 0.021333
0 0.245500 0.640667 0.028000 0.037333
0 0.182250 0.613667 0.042500 0.051333
0 0.189000 0.494667 0.039000 0.060000
0 0.234000 0.485667 0.033000 0.064667
0 0.207000 0.150667 0.017000 0.014667
0 0.387500 0.628667 0.024000 0.036000
0 0.367000 0.496667 0.035000 0.082667
0 0.334500 0.403667 0.021000 0.048667
0 0.314000 0.620667 0.041000 0.089333
0 0.311250 0.515667 0.032500 0.028667
0 0.387000 0.254000 0.020000 0.020000
0 0.356250 0.152667 0.030500 0.040000
0 0.515250 0.513667 0.014500 0.034000
0 0.463750 0.570667 0.062500 0.057333
0 0.459000 0.462667 0.019000 0.030667
0 0.517250 0.345667 0.042500 0.068667
0 0.513250 0.136667 0.016500 0.030667
0 0.594750 0.645667 0.037500 0.052667
0 0.603000 0.564667 0.042000 0.052000
0 0.599000 0.412667 0.040000 0.050667
0 0.613000 0.482667 0.033000 0.054667
0 0.568750 0.220667 0.014500 0.026667
0 0.606500 0.252667 0.030000 0.034667
0 0.615000 0.061667 0.023000 0.047333
0 0.602750 0.142667 0.040500 0.052000
0 0.612250 0.773667 0.030500 0.047333
0 0.599750 0.841667 0.045500 0.059333
0 0.586500 0.897667 0.028000 0.031333
0 0.574750 0.970667 0.030500 0.034667
0 0.607500 0.954667 0.032000 0.034667
0 0.529750 0.885667 0.016500 0.020667
0 0.514250 0.950667 0.058500 0.081333
0 0.429000 0.920667 0.012000 0.038667
0 0.452500 0.856667 0.030000 0.061333
0 0.512000 0.843667 0.035000 0.067333
0 0.460750 0.753667 0.021500 0.035333
0 0.516250 0.747667 0.036500 0.044667
0 0.485750 0.641000 0.029500 0.034000
0 0.377000 0.946667 0.041000 0.098667
0 0.374500 0.690667 0.053000 0.054667
0 0.321000 0.787667 0.038000 0.055333
0 0.234250 0.776667 0.021500 0.044000
0 0.178000 0.708667 0.050000 0.049333
0 0.156500 0.789667 0.018000 0.024667
0 0.188750 0.845667 0.057500 0.043333
0 0.244250 0.850667 0.019500 0.024000
0 0.189750 0.921667 0.038500 0.040667
0 0.086750 0.887667 0.020500 0.022000
0 0.040500 0.979667 0.038000 0.036667
0 0.318500 0.972667 0.038000 0.046667
0 0.651500 0.792667 0.042000 0.033333
0 0.658500 0.701667 0.040000 0.036667
0 0.638250 0.929667 0.024500 0.030000
0 0.671250 0.978667 0.024500 0.036000
0 0.673500 0.866667 0.028000 0.033333
0 0.826500 0.951000 0.054000 0.046000
0 0.822500 0.864667 0.050000 0.098667
0 0.754250 0.859667 0.056500 0.088667
0 0.744500 0.759667 0.059000 0.059333
0 0.826500 0.705667 0.034000 0.087333
0 0.811500 0.780667 0.034000 0.046667
0 0.742000 0.663667 0.043000 0.038000
0 0.774000 0.531667 0.042000 0.032667
0 0.808500 0.576667 0.018000 0.038667
0 0.764750 0.445000 0.046500 0.050000
0 0.905000 0.893667 0.049000 0.056667
0 0.970500 0.920667 0.035000 0.120000
0 0.913750 0.746667 0.050500 0.130667
0 0.919250 0.595667 0.042500 0.084667
0 0.932500 0.454667 0.066000 0.078667
0 0.970750 0.636667 0.041500 0.057333
0 0.966750 0.729667 0.039500 0.068667
0 0.903750 0.319667 0.041500 0.088667
0 0.884000 0.166667 0.020000 0.032000
0 0.924500 0.213667 0.032000 0.047333
0 0.982500 0.199000 0.018000 0.046000
0 0.958250 0.231000 0.014500 0.026000
0 0.835750 0.183667 0.032500 0.040667
0 0.824750 0.101667 0.025500 0.044667
0 0.737750 0.215667 0.016500 0.038000
0 0.735000 0.335667 0.018000 0.019333
0 0.913500 0.121667 0.040000 0.039333
0 0.114750 0.716667 0.021500 0.070667
0 0.014750 0.721667 0.016500 0.015333
0 0.661500 0.442667 0.046000 0.085333
