0 0.093250 0.934667 0.123500 0.122667
0 0.076500 0.784667 0.128000 0.157333
0 0.059750 0.631667 0.108500 0.127333
0 0.147750 0.685667 0.023500 0.027333
0 0.134250 0.576667 0.013500 0.017333
0 0.053750 0.527000 0.077500 0.066000
0 0.139250 0.490667 0.026500 0.078667
0 0.132250 0.377000 0.039500 0.086000
0 0.068250 0.273667 0.084500 0.134000
0 0.134000 0.274667 0.035000 0.085333
0 0.042000 0.171667 0.072000 0.066000
0 0.110500 0.174000 0.024000 0.048000
0 0.025000 0.049667 0.028000 0.088667
0 0.086500 0.042667 0.079000 0.077333
0 0.141000 0.083667 0.015000 0.035333
0 0.185500 0.095667 0.022000 0.107333
0 0.263500 0.173667 0.068000 0.071333
0 0.280250 0.065000 0.023500 0.018000
0 0.223500 0.107667 0.021000 0.028667
0 0.244000 0.078667 0.017000 0.025333
0 0.319000 0.024667 0.013000 0.009333
0 0.183500 0.276667 0.028000 0.034667
0 0.185250 0.223667 0.018500 0.036667
0 0.261500 0.245667 0.061000 0.047333
0 0.219750 0.359667 0.072500 0.072667
0 0.295750 0.332667 0.053500 0.045333
0 0.294250 0.389667 0.038500 0.027333
0 0.238750 0.448667 0.055500 0.093333
0 0.305500 0.450000 0.038000 0.020000
0 0.195750 0.578667 0.029500 0.066667
0 0.275000 0.622667 0.051000 0.077333
0 0.309500 0.698667 0.037000 0.041333
0 0.199750 0.684667 0.059500 0.057333
0 0.262250 0.743667 0.056500 0.074000
0 0.220000 0.747667 0.018000 0.040667
0 0.223750 0.859667 0.042500 0.038000
0 0.171750 0.866667 0.012500 0.025333
0 0.223500 0.956667 0.061000 0.052000
0 0.272750 0.901667 0.027500 0.030000
0 0.308000 0.981667 0.017000 0.007333
0 0.307500 0.819667 0.019000 0.028667
0 0.322500 0.872667 0.030000 0.037333
0 0.466750 0.913000 0.047500 0.062000
0 0.468250 0.799667 0.040500 0.103333
0 0.385250 0.683667 0.043500 0.028667
0 0.492750 0.652667 0.014500 0.017333
0 0.484000 0.503000 0.021000 0.022000
0 0.436250 0.392000 0.057500 0.084000
0 0.401000 0.240667 0.042000 0.057333
0 0.450000 0.236667 0.032000 0.022667
0 0.463750 0.310000 0.019500 0.012000
0 0.397000 0.142667 0.050000 0.060000
0 0.415750 0.047667 0.056500 0.036667
0 0.587250 0.949667 0.026500 0.026000
0 0.591250 0.863000 0.122500 0.122000
0 0.549750 0.628667 0.048500 0.069333
0 0.611250 0.621667 0.040500 0.064667
0 0.581500 0.434667 0.056000 0.109333
0 0.600500 0.354667 0.020000 0.010667
0 0.581500 0.115667 0.066000 0.064667
0 0.676500 0.265667 0.012000 0.027333
0 0.735000 0.461000 0.085000 0.066000
0 0.682500 0.526000 0.032000 0.044000
0 0.725750 0.567667 0.021500 0.026000
0 0.673250 0.633667 0.012500 0.024667
0 0.694500 0.694667 0.049000 0.074667
0 0.688750 0.778667 0.034500 0.046667
0 0.824000 0.853667 0.014000 0.022000
0 0.836000 0.298667 0.050000 0.034667
0 0.834750 0.412667 0.022500 0.050667
0 0.952000 0.407667 0.014000 0.019333
0 0.981750 0.467000 0.016500 0.010000
0 0.405500 0.556667 0.029000 0.033333
0 0.390000 0.313667 0.043000 0.055333
0 0.144500 0.205333 0.020000 0.024000
0 0.074250 0.118667 0.094500 0.026667
0 0.305750 0.538667 0.059500 0.049333
0 0.870750 0.243667 0.007500 0.015333
0 0.636500 0.342667 0.013000 0.026667
