0 0.157000 0.116667 0.017000 0.022667
0 0.135000 0.009667 0.013000 0.015333
0 0.072500 0.127667 0.012000 0.018000
0 0.063500 0.069667 0.009000 0.014000
0 0.162500 0.559667 0.104000 0.142000
0 0.126500 0.343667 0.068000 0.107333
0 0.198250 0.264667 0.039500 0.038667
0 0.054000 0.352667 0.013000 0.021333
0 0.099000 0.660667 0.044000 0.030667
0 0.163500 0.764667 0.101000 0.102667
0 0.064250 0.865667 0.015500 0.020667
0 0.198250 0.880667 0.062500 0.061333
0 0.068000 0.392667 0.013000 0.022667
0 0.134250 0.224667 0.019500 0.037333
0 0.272500 0.030667 0.042000 0.054667
0 0.326000 0.036667 0.018000 0.030667
0 0.285250 0.093667 0.019500 0.024667
0 0.295000 0.137000 0.018000 0.026000
0 0.351750 0.123667 0.058500 0.071333
0 0.308500 0.196000 0.043000 0.068000
0 0.260250 0.230667 0.041500 0.073333
0 0.347250 0.300667 0.016500 0.022667
0 0.371000 0.222667 0.018000 0.030667
0 0.357750 0.517667 0.035500 0.135333
0 0.374500 0.707667 0.020000 0.087333
0 0.287750 0.401667 0.057500 0.111333
0 0.284750 0.847667 0.023500 0.028667
0 0.294250 0.539667 0.070500 0.096667
0 0.260750 0.776667 0.024500 0.021333
0 0.406750 0.093667 0.017500 0.018000
0 0.430500 0.010667 0.022000 0.016000
0 0.507750 0.151667 0.071500 0.216667
0 0.434250 0.208667 0.060500 0.145333
0 0.467000 0.300667 0.018000 0.022667
0 0.523250 0.350667 0.017500 0.029333
0 0.527250 0.439667 0.026500 0.031333
0 0.526250 0.594667 0.016500 0.038667
0 0.440000 0.847667 0.033000 0.112667
0 0.448250 0.657667 0.055500 0.034000
0 0.519750 0.510667 0.020500 0.028000
0 0.576750 0.168667 0.040500 0.046667
0 0.610500 0.062667 0.033000 0.061333
0 0.631000 0.194667 0.033000 0.025333
0 0.628250 0.400667 0.096500 0.090667
0 0.627250 0.325667 0.024500 0.020667
0 0.581750 0.489000 0.021500 0.022000
0 0.576250 0.581667 0.016500 0.026000
0 0.601500 0.950667 0.038000 0.054667
0 0.593250 0.854667 0.042500 0.029333
0 0.601750 0.683667 0.015500 0.020667
0 0.664500 0.513667 0.046000 0.056667
0 0.722000 0.167667 0.026000 0.044667
0 0.754000 0.195667 0.015000 0.016667
0 0.802250 0.140667 0.039500 0.017333
0 0.756250 0.673667 0.038500 0.038000
0 0.779000 0.832667 0.022000 0.036000
0 0.802500 0.974667 0.064000 0.022667
0 0.818500 0.926000 0.022000 0.024000
0 0.916000 0.190000 0.058000 0.104000
0 0.906000 0.287667 0.060000 0.059333
0 0.923250 0.623667 0.058500 0.064667
0 0.869750 0.755667 0.065500 0.082000
0 0.913750 0.691667 0.044500 0.031333
0 0.937500 0.451667 0.033000 0.080667
0 0.720500 0.830667 0.034000 0.069333
0 0.736250 0.747667 0.023500 0.031333
0 0.773500 0.350333 0.015000 0.036667
0 0.809250 0.471000 0.022500 0.051333
0 0.791250 0.060000 0.041500 0.045333
0 0.051250 0.518000 0.021500 0.022667
0 0.022000 0.649000 0.015000 0.020667
0 0.006500 0.545667 0.010000 0.020667
0 0.004750 0.252000 0.008500 0.030667
0 0.002750 0.088667 0.004500 0.029333
0 0.227250 0.723667 0.013500 0.019333
0 0.248000 0.657333 0.018000 0.012000
0 0.172000 0.669333 0.029000 0.048000
0 0.198500 0.358000 0.044000 0.028000
0 0.223250 0.334000 0.009500 0.014667
0 0.152750 0.168667 0.042500 0.049333
0 0.429500 0.103000 0.008000 0.022000
0 0.444750 0.518000 0.037500 0.037333
0 0.436750 0.454333 0.014500 0.019333
0 0.437000 0.369000 0.036000 0.038000
0 0.328500 0.860000 0.028000 0.042667
0 0.656500 0.609667 0.020000 0.044667
0 0.557500 0.334667 0.011000 0.017333
0 0.607500 0.271333 0.012000 0.030667
0 0.707750 0.363000 0.005500 0.006000
0 0.800000 0.272000 0.032000 0.025333
0 0.842750 0.677667 0.022500 0.031333
0 0.872250 0.403333 0.010500 0.008000
0 0.878000 0.444333 0.014000 0.014000
0 0.987500 0.395667 0.009000 0.012667
0 0.955500 0.340667 0.015000 0.018667
0 0.962250 0.240333 0.017500 0.031333
0 0.931250 0.040667 0.011500 0.022667
0 0.869250 0.871333 0.038500 0.054667
0 0.865250 0.945667 0.027500 0.043333
0 0.953250 0.518667 0.011500 0.034667
0 0.987000 0.527000 0.026000 0.016667
0 0.495000 0.695667 0.032000 0.022000
