0 0.006250 0.083667 0.011500 0.024667
0 0.053750 0.039667 0.020500 0.028667
0 0.100750 0.057667 0.014500 0.030000
0 0.127500 0.143667 0.022000 0.058000
0 0.081500 0.172667 0.040000 0.029333
0 0.094500 0.140667 0.012000 0.017333
0 0.080250 0.455667 0.018500 0.027333
0 0.109250 0.604667 0.012500 0.022667
0 0.111500 0.511667 0.013000 0.031333
0 0.165500 0.256000 0.020000 0.024000
0 0.209000 0.165667 0.069000 0.059333
0 0.248250 0.386667 0.021500 0.021333
0 0.258750 0.829667 0.019500 0.039333
0 0.225500 0.777667 0.032000 0.028667
0 0.391250 0.252667 0.079500 0.133333
0 0.381000 0.455667 0.041000 0.082000
0 0.434250 0.449667 0.032500 0.094000
0 0.433250 0.578667 0.048500 0.060000
0 0.431750 0.934667 0.016500 0.021333
0 0.515000 0.566667 0.035000 0.048000
0 0.562000 0.566667 0.027000 0.049333
0 0.598750 0.415667 0.017500 0.079333
0 0.607750 0.584667 0.012500 0.105333
0 0.546000 0.270667 0.077000 0.041333
0 0.574500 0.200000 0.026000 0.036000
0 0.511250 0.099667 0.044500 0.108667
0 0.562500 0.963667 0.014000 0.018000
0 0.523250 0.734667 0.013500 0.016000
0 0.257500 0.459667 0.012000 0.019333
0 0.490250 0.478667 0.021500 0.018667
0 0.556500 0.366667 0.016000 0.061333
0 0.536500 0.854667 0.040000 0.121333
0 0.651250 0.732667 0.012500 0.021333
0 0.679000 0.767667 0.027000 0.035333
0 0.663500 0.518667 0.038000 0.041333
0 0.677000 0.010000 0.012000 0.018667
0 0.733000 0.055667 0.014000 0.027333
0 0.740750 0.151667 0.029500 0.024667
0 0.732750 0.218667 0.014500 0.018667
0 0.744500 0.307667 0.014000 0.039333
0 0.767750 0.837667 0.029500 0.039333
0 0.743000 0.917667 0.012000 0.019333
0 0.646250 0.356667 0.013500 0.021333
0 0.677500 0.973667 0.017000 0.023333
0 0.777250 0.607667 0.016500 0.020667
0 0.827500 0.131667 0.058000 0.063333
0 0.898500 0.125667 0.022000 0.088667
0 0.875000 0.222000 0.014000 0.024000
0 0.905750 0.227667 0.011500 0.027333
0 0.796250 0.303000 0.015500 0.022000
0 0.826750 0.259667 0.014500 0.019333
0 0.798500 0.204667 0.020000 0.028000
0 0.779250 0.073667 0.012500 0.018000
0 0.827000 0.409667 0.018000 0.020667
0 0.835750 0.675667 0.015500 0.023333
0 0.859750 0.712667 0.018500 0.018667
0 0.845750 0.597667 0.009500 0.022000
0 0.860000 0.920667 0.016000 0.024000
0 0.891750 0.888000 0.019500 0.024000
0 0.884000 0.963667 0.012000 0.020667
0 0.744000 0.977667 0.020000 0.023333
0 0.900250 0.786667 0.015500 0.029333
0 0.930000 0.783667 0.009000 0.015333
0 0.974500 0.568667 0.021000 0.033333
0 0.927000 0.596667 0.028000 0.042667
0 0.334250 0.357667 0.036500 0.051333
0 0.365500 0.057667 0.129000 0.075333
0 0.007250 0.307667 0.013500 0.042000
0 0.022500 0.451667 0.015000 0.051333
0 0.031000 0.554667 0.026000 0.092000
0 0.121000 0.807667 0.047000 0.051333
0 0.160500 0.695000 0.026000 0.022000
0 0.138000 0.604667 0.028000 0.029333
0 0.127000 0.549667 0.024000 0.016667
0 0.846000 0.455667 0.038000 0.036667
0 0.687000 0.378667 0.011000 0.022667
0 0.721000 0.416667 0.032000 0.020000
0 0.709750 0.481000 0.016500 0.014000
0 0.708250 0.562333 0.008500 0.010000
0 0.677500 0.580667 0.022000 0.026667
0 0.652250 0.605667 0.011500 0.016667
0 0.992500 0.925667 0.015000 0.014000
0 0.965750 0.252667 0.017500 0.034667
0 0.385000 0.883667 0.059000 0.044667
0 0.421750 0.829667 0.040500 0.027333
0 0.484000 0.868667 0.005000 0.024000
0 0.075250 0.344667 0.057500 0.102667
0 0.635000 0.472667 0.018000 0.018667
0 0.557000 0.005000 0.020000 0.008667
0 0.588500 0.060667 0.022000 0.013333
0 0.239500 0.630667 0.083000 0.208000
0 0.218250 0.320333 0.042500 0.098000
0 0.160500 0.900333 0.052000 0.058000
0 0.029000 0.843333 0.032000 0.072000
0 0.926750 0.440667 0.010500 0.018667
0 0.995250 0.154667 0.009500 0.005333
0 0.841000 0.032333 0.033000 0.027333
0 0.041250 0.961000 0.037500 0.078000
