0 0.013000 0.168667 0.021000 0.048000
0 0.009000 0.341667 0.013000 0.032667
0 0.010250 0.460667 0.009500 0.029333
0 0.023500 0.245667 0.010000 0.051333
0 0.052500 0.034667 0.022000 0.024000
0 0.075250 0.622667 0.067500 0.126667
0 0.085500 0.458333 0.107000 0.180667
0 0.095750 0.288333 0.095500 0.079333
0 0.105000 0.145000 0.074000 0.104667
0 0.117500 0.037333 0.057000 0.048000
0 0.046750 0.706667 0.036500 0.026667
0 0.053000 0.790000 0.067000 0.092000
0 0.074750 0.916667 0.085500 0.152000
0 0.143250 0.931333 0.019500 0.020000
0 0.202000 0.825000 0.085000 0.143333
0 0.203250 0.957333 0.069500 0.048000
0 0.178500 0.686667 0.068000 0.094667
0 0.243500 0.667667 0.020000 0.066000
0 0.210500 0.566000 0.091000 0.101333
0 0.214250 0.459333 0.116500 0.080000
0 0.223250 0.372333 0.100500 0.072667
0 0.231250 0.238667 0.110500 0.118667
0 0.237000 0.092000 0.090000 0.113333
0 0.369500 0.059333 0.057000 0.074667
0 0.393500 0.171000 0.038000 0.074000
0 0.338500 0.268000 0.058000 0.097333
0 0.393500 0.242000 0.018000 0.034667
0 0.416500 0.274333 0.014000 0.026000
0 0.353750 0.418333 0.103500 0.118000
0 0.379500 0.337333 0.013000 0.021333
0 0.353750 0.544667 0.058500 0.054667
0 0.329750 0.621000 0.026500 0.036667
0 0.317250 0.764667 0.016500 0.021333
0 0.332250 0.861667 0.072500 0.071333
0 0.305250 0.973333 0.043500 0.034667
0 0.377500 0.963667 0.041000 0.067333
0 0.377750 0.768667 0.043500 0.044000
0 0.436250 0.954333 0.032500 0.074000
0 0.520750 0.952000 0.031500 0.040000
0 0.455750 0.847333 0.070500 0.088000
0 0.517000 0.812333 0.054000 0.127333
0 0.470500 0.693333 0.041000 0.064000
0 0.525000 0.703667 0.027000 0.014000
0 0.507500 0.607000 0.050000 0.070000
0 0.440000 0.500667 0.034000 0.097333
0 0.489000 0.418333 0.089000 0.066000
0 0.491250 0.470667 0.045500 0.022667
0 0.527500 0.534333 0.026000 0.027333
0 0.482250 0.299667 0.065500 0.074000
0 0.554250 0.391667 0.024500 0.054000
0 0.558250 0.308333 0.020500 0.011333
0 0.488000 0.176667 0.084000 0.158667
0 0.559500 0.167333 0.033000 0.136000
0 0.496250 0.055667 0.084500 0.063333
0 0.566500 0.056333 0.026000 0.042000
0 0.532750 0.006333 0.017500 0.011333
0 0.665000 0.067000 0.116000 0.132667
0 0.731750 0.136667 0.014500 0.024000
0 0.652750 0.173333 0.106500 0.050667
0 0.626500 0.255000 0.060000 0.086000
0 0.706750 0.233333 0.043500 0.049333
0 0.700250 0.294333 0.022500 0.026000
0 0.640000 0.342667 0.033000 0.076000
0 0.703000 0.411333 0.064000 0.094667
0 0.630500 0.445000 0.055000 0.095333
0 0.625500 0.560333 0.076000 0.080667
0 0.701750 0.500333 0.020500 0.020667
0 0.730500 0.519000 0.019000 0.015333
0 0.717000 0.555667 0.017000 0.018000
0 0.694000 0.605667 0.022000 0.034000
0 0.520000 0.899333 0.032000 0.028000
0 0.599750 0.646333 0.016500 0.031333
0 0.642000 0.641000 0.018000 0.032667
0 0.669250 0.670000 0.025500 0.058667
0 0.712500 0.668333 0.024000 0.044667
0 0.701000 0.738333 0.015000 0.019333
0 0.731750 0.719000 0.014500 0.007333
0 0.666500 0.748333 0.026000 0.043333
0 0.614750 0.759000 0.047500 0.043333
0 0.689000 0.823333 0.042000 0.061333
0 0.615250 0.863000 0.059500 0.048667
0 0.616000 0.830667 0.010000 0.008000
0 0.707250 0.873333 0.045500 0.016000
0 0.694500 0.931667 0.054000 0.056667
0 0.609750 0.972000 0.039500 0.053333
0 0.638750 0.939333 0.020500 0.014667
0 0.659250 0.985667 0.038500 0.028667
0 0.776750 0.014000 0.019500 0.021333
0 0.832750 0.018333 0.017500 0.019333
0 0.778750 0.115333 0.018500 0.020000
0 0.828750 0.089667 0.029500 0.031333
0 0.802750 0.229333 0.060500 0.076000
0 0.841750 0.323000 0.030500 0.044667
0 0.807750 0.316667 0.011500 0.010667
0 0.773000 0.378667 0.032000 0.021333
0 0.847000 0.404333 0.065000 0.071333
0 0.850000 0.518000 0.054000 0.062667
0 0.764000 0.599667 0.035000 0.047333
0 0.812750 0.580333 0.047500 0.030000
0 0.855000 0.593333 0.010000 0.008000
0 0.867750 0.629333 0.018500 0.020000
0 0.884000 0.599333 0.014000 0.020000
0 0.817000 0.713333 0.127000 0.096000
0 0.767500 0.789333 0.022000 0.042667
0 0.805000 0.834667 0.045000 0.048000
0 0.772250 0.900333 0.025500 0.088667
0 0.817000 0.935333 0.046000 0.037333
0 0.867500 0.840333 0.023000 0.027333
0 0.834000 0.993667 0.020000 0.012667
0 0.939500 0.923333 0.040000 0.084000
0 0.982500 0.955667 0.018000 0.027333
0 0.972500 0.845333 0.027000 0.034667
0 0.910000 0.682000 0.010000 0.021333
0 0.966000 0.732333 0.061000 0.104667
0 0.922250 0.774333 0.015500 0.022000
0 0.972000 0.557667 0.056000 0.150000
0 0.930750 0.485333 0.015500 0.034667
0 0.922250 0.527000 0.019500 0.012667
0 0.905500 0.576667 0.009000 0.016000
0 0.968250 0.337667 0.058500 0.078000
0 0.938750 0.406000 0.042500 0.028000
0 0.993000 0.417667 0.014000 0.008667
0 0.938250 0.449000 0.012500 0.012667
0 0.935250 0.175667 0.031500 0.043333
0 0.985500 0.172000 0.029000 0.037333
0 0.938750 0.033333 0.012500 0.050667
0 0.985250 0.013667 0.012500 0.014000
