0 0.016500 0.034667 0.025000 0.061333
0 0.018000 0.103667 0.018000 0.036667
0 0.014750 0.251667 0.024500 0.047333
0 0.013500 0.348667 0.026000 0.100000
0 0.020750 0.453667 0.028500 0.047333
0 0.020000 0.519667 0.030000 0.031333
0 0.017000 0.631667 0.030000 0.047333
0 0.015000 0.683667 0.026000 0.032667
0 0.017250 0.818667 0.018500 0.010667
0 0.021250 0.908667 0.037500 0.038667
0 0.091500 0.911667 0.040000 0.034000
0 0.201000 0.803667 0.037000 0.044667
0 0.114250 0.798000 0.069500 0.128000
0 0.116250 0.670667 0.101500 0.090667
0 0.197000 0.642667 0.051000 0.056000
0 0.127000 0.562000 0.068000 0.076000
0 0.206250 0.581667 0.035500 0.051333
0 0.074500 0.475667 0.039000 0.075333
0 0.136500 0.407667 0.079000 0.104667
0 0.072500 0.341000 0.028000 0.026000
0 0.118500 0.297667 0.038000 0.028667
0 0.202750 0.311667 0.052500 0.059333
0 0.066500 0.252667 0.040000 0.058667
0 0.175000 0.196667 0.039000 0.078667
0 0.090000 0.150667 0.069000 0.034667
0 0.144500 0.079000 0.029000 0.038000
0 0.213250 0.108000 0.045500 0.088000
0 0.124500 0.014667 0.037000 0.024000
0 0.298250 0.058667 0.085500 0.094667
0 0.380500 0.049000 0.025000 0.082000
0 0.281250 0.165667 0.049500 0.068667
0 0.360750 0.155667 0.038500 0.030000
0 0.232500 0.244667 0.023000 0.037333
0 0.293250 0.254667 0.044500 0.077333
0 0.358500 0.262667 0.030000 0.014667
0 0.337500 0.346667 0.058000 0.105333
0 0.381000 0.331667 0.010000 0.027333
0 0.314000 0.482667 0.062000 0.054667
0 0.377500 0.498667 0.013000 0.028000
0 0.275250 0.632667 0.016500 0.026667
0 0.308000 0.622667 0.018000 0.040000
0 0.347750 0.693667 0.035500 0.064667
0 0.366500 0.641667 0.016000 0.020667
0 0.392500 0.666667 0.016000 0.022667
0 0.382500 0.761667 0.032000 0.048667
0 0.295250 0.810667 0.062500 0.057333
0 0.331000 0.785667 0.007000 0.002000
0 0.375500 0.828667 0.027000 0.065333
0 0.313500 0.925667 0.034000 0.030000
0 0.322000 0.884667 0.027000 0.018667
0 0.382500 0.915667 0.026000 0.052667
0 0.447000 0.948667 0.039000 0.068000
0 0.436750 0.817667 0.013500 0.052667
0 0.520750 0.729667 0.054500 0.080667
0 0.513750 0.826667 0.056500 0.078667
0 0.522750 0.936667 0.029500 0.058667
0 0.530750 0.645667 0.027500 0.031333
0 0.450750 0.571667 0.067500 0.102000
0 0.450000 0.457667 0.042000 0.084667
0 0.515750 0.459667 0.054500 0.054000
0 0.545250 0.518667 0.012500 0.013333
0 0.445500 0.358667 0.015000 0.026667
0 0.472250 0.397667 0.013500 0.020667
0 0.507250 0.331667 0.044500 0.043333
0 0.550000 0.334667 0.014000 0.026667
0 0.450500 0.239667 0.052000 0.111333
0 0.437250 0.146667 0.023500 0.025333
0 0.501750 0.140667 0.020500 0.022667
0 0.544250 0.191667 0.017500 0.071333
0 0.469250 0.073667 0.022500 0.024667
0 0.517750 0.048667 0.011500 0.020000
0 0.589750 0.028667 0.026500 0.034667
0 0.588500 0.526000 0.024000 0.032000
0 0.607500 0.842667 0.034000 0.166667
0 0.582750 0.976667 0.014500 0.045333
0 0.594500 0.694667 0.018000 0.033333
0 0.611500 0.582667 0.029000 0.013333
0 0.604750 0.436667 0.033500 0.066667
0 0.612000 0.337667 0.028000 0.058000
0 0.604500 0.218667 0.050000 0.086667
0 0.604000 0.127667 0.028000 0.050000
0 0.663000 0.631667 0.057000 0.082000
0 0.666250 0.853333 0.053500 0.174667
0 0.770500 0.851333 0.096000 0.118667
0 0.775750 0.731667 0.078500 0.038000
0 0.769250 0.314667 0.046500 0.066667
0 0.739500 0.542333 0.011000 0.059333
0 0.792750 0.470000 0.057500 0.042667
0 0.774500 0.162667 0.085000 0.056000
0 0.787750 0.038667 0.056500 0.065333
0 0.675250 0.374000 0.045500 0.072000
0 0.665500 0.156333 0.035000 0.074000
0 0.663500 0.065667 0.042000 0.054000
0 0.911000 0.923667 0.051000 0.096667
0 0.908250 0.765667 0.073500 0.080667
0 0.888000 0.552000 0.024000 0.028000
0 0.936500 0.624333 0.064000 0.048667
0 0.881500 0.300333 0.029000 0.055333
0 0.929500 0.300333 0.018000 0.015333
0 0.902250 0.431667 0.046500 0.059333
0 0.899750 0.099000 0.069500 0.103333
