0 0.015250 0.041000 0.016500 0.036667
0 0.051500 0.057667 0.026000 0.031333
0 0.026500 0.107333 0.031000 0.026667
0 0.050750 0.293667 0.023500 0.035333
0 0.038500 0.379667 0.026000 0.015333
0 0.023000 0.474667 0.025000 0.029333
0 0.063500 0.539333 0.022000 0.022667
0 0.052250 0.732000 0.022500 0.045333
0 0.086000 0.769333 0.020000 0.013333
0 0.062750 0.845333 0.018500 0.017333
0 0.074000 0.919000 0.023000 0.024667
0 0.012000 0.932333 0.016000 0.018000
0 0.212000 0.941333 0.013000 0.017333
0 0.243250 0.888667 0.054500 0.065333
0 0.250500 0.970667 0.024000 0.045333
0 0.290500 0.987000 0.019000 0.024667
0 0.306000 0.852000 0.020000 0.029333
0 0.218000 0.723333 0.057000 0.060000
0 0.163000 0.763667 0.019000 0.016667
0 0.206250 0.413333 0.020500 0.021333
0 0.197250 0.279333 0.016500 0.020000
0 0.293500 0.249667 0.042000 0.064667
0 0.395750 0.274000 0.038500 0.028000
0 0.333750 0.675667 0.048500 0.072667
0 0.383750 0.642333 0.020500 0.019333
0 0.411750 0.569667 0.023500 0.030000
0 0.437000 0.647667 0.016000 0.059333
0 0.406500 0.721333 0.016000 0.014667
0 0.424000 0.775000 0.008000 0.020667
0 0.331500 0.816667 0.016000 0.022667
0 0.507500 0.905333 0.047000 0.098667
0 0.488000 0.819333 0.023000 0.029333
0 0.530500 0.755333 0.050000 0.078667
0 0.575750 0.644333 0.051500 0.098000
0 0.480000 0.422333 0.019000 0.035333
0 0.478750 0.291000 0.034500 0.083333
0 0.540000 0.224333 0.016000 0.014000
0 0.676000 0.212000 0.034000 0.029333
0 0.624750 0.206667 0.027500 0.029333
0 0.693250 0.250000 0.016500 0.022667
0 0.716500 0.330000 0.030000 0.061333
0 0.639750 0.348000 0.042500 0.073333
0 0.724000 0.498000 0.053000 0.092000
0 0.677750 0.632000 0.030500 0.025333
0 0.733000 0.678000 0.082000 0.070667
0 0.652000 0.682333 0.015000 0.042000
0 0.667500 0.757333 0.043000 0.090667
0 0.678750 0.882000 0.041500 0.109333
0 0.723500 0.868667 0.021000 0.058667
0 0.775000 0.867333 0.013000 0.026667
0 0.774250 0.982333 0.006500 0.035333
0 0.852750 0.933667 0.076500 0.128667
0 0.917500 0.925000 0.042000 0.150000
0 0.895750 0.783667 0.044500 0.106000
0 0.829000 0.807333 0.050000 0.097333
0 0.828750 0.697000 0.045500 0.067333
0 0.887500 0.631667 0.046000 0.070000
0 0.879750 0.526667 0.051500 0.056000
0 0.874000 0.414667 0.026000 0.054667
0 0.848000 0.305333 0.066000 0.037333
0 0.856500 0.242000 0.043000 0.085333
0 0.840250 0.143667 0.051500 0.064667
0 0.825750 0.036333 0.026500 0.042000
0 0.952750 0.033333 0.013500 0.026667
0 0.957000 0.249000 0.070000 0.138000
0 0.968250 0.389667 0.063500 0.068667
0 0.957250 0.558667 0.080500 0.096000
0 0.970250 0.709000 0.052500 0.119333
