0 0.022750 0.032000 0.037500 0.056000
0 0.058250 0.011667 0.011500 0.018000
0 0.112500 0.017333 0.020000 0.026667
0 0.076000 0.069333 0.019000 0.017333
0 0.028500 0.125333 0.053000 0.072000
0 0.100250 0.199667 0.044500 0.060667
0 0.117000 0.111333 0.010000 0.018667
0 0.104500 0.139333 0.015000 0.010667
0 0.026000 0.225667 0.035000 0.078000
0 0.024500 0.352000 0.037000 0.054667
0 0.084000 0.333667 0.066000 0.083333
0 0.072750 0.428667 0.014500 0.024000
0 0.039000 0.521333 0.045000 0.040000
0 0.100000 0.495000 0.056000 0.035333
0 0.030750 0.630333 0.014500 0.022000
0 0.093250 0.630333 0.039500 0.055333
0 0.056250 0.609667 0.014500 0.016667
0 0.089000 0.531667 0.012000 0.015333
0 0.029750 0.710667 0.032500 0.022667
0 0.113750 0.776667 0.030500 0.022667
0 0.063000 0.843000 0.049000 0.062000
0 0.125000 0.902333 0.035000 0.036667
0 0.084500 0.933667 0.032000 0.031333
0 0.050000 0.908333 0.018000 0.008667
0 0.012500 0.943667 0.016000 0.022000
0 0.104250 0.970000 0.035500 0.026667
0 0.196250 0.955333 0.048500 0.064000
0 0.256750 0.952000 0.039500 0.072000
0 0.274250 0.884333 0.017500 0.028667
0 0.194000 0.785333 0.057000 0.084000
0 0.291500 0.827667 0.008000 0.019333
0 0.251000 0.745000 0.045000 0.052667
0 0.227250 0.688333 0.030500 0.046000
0 0.192000 0.526333 0.029000 0.079333
0 0.258750 0.543667 0.070500 0.070000
0 0.221500 0.387000 0.071000 0.068667
0 0.255750 0.472000 0.021500 0.028000
0 0.251750 0.277333 0.040500 0.029333
0 0.264750 0.205333 0.053500 0.046667
0 0.183750 0.217333 0.026500 0.028000
0 0.182000 0.083667 0.036000 0.047333
0 0.241000 0.118333 0.037000 0.024667
0 0.264500 0.076667 0.032000 0.033333
0 0.226750 0.031667 0.016500 0.034000
0 0.305500 0.061000 0.013000 0.014000
0 0.420500 0.044667 0.021000 0.030667
0 0.341250 0.161333 0.035500 0.052000
0 0.395500 0.179667 0.031000 0.067333
0 0.453750 0.150667 0.031500 0.038667
0 0.421250 0.263333 0.033500 0.038667
0 0.327000 0.227000 0.013000 0.014000
0 0.319500 0.278667 0.026000 0.049333
0 0.341500 0.340333 0.015000 0.020667
0 0.382000 0.334667 0.030000 0.029333
0 0.436500 0.327667 0.028000 0.043333
0 0.451500 0.386667 0.021000 0.018667
0 0.350500 0.454333 0.026000 0.027333
0 0.348250 0.526000 0.031500 0.058667
0 0.398500 0.496667 0.011000 0.014667
0 0.415500 0.559000 0.041000 0.046000
0 0.336500 0.600333 0.013000 0.026000
0 0.377500 0.640000 0.023000 0.037333
0 0.445250 0.640000 0.017500 0.009333
0 0.353000 0.693000 0.029000 0.051333
0 0.430250 0.714667 0.020500 0.032000
0 0.452000 0.740000 0.007000 0.020000
0 0.429500 0.848000 0.027000 0.052000
0 0.387750 0.835000 0.019500 0.011333
0 0.361500 0.973667 0.023000 0.038000
0 0.433250 0.967333 0.036500 0.062667
0 0.380250 0.747000 0.009500 0.010000
0 0.480000 0.926000 0.018000 0.020000
0 0.520750 0.910667 0.021500 0.024000
0 0.567750 0.881667 0.029500 0.082000
0 0.570500 0.970333 0.022000 0.035333
0 0.512000 0.832000 0.030000 0.056000
0 0.502750 0.766333 0.045500 0.050000
0 0.520250 0.713333 0.040500 0.036000
0 0.492750 0.652667 0.031500 0.028000
0 0.549500 0.592000 0.030000 0.033333
0 0.590750 0.659000 0.023500 0.018000
0 0.579750 0.701667 0.027500 0.020667
0 0.600000 0.560667 0.017000 0.017333
0 0.591000 0.529000 0.010000 0.008667
0 0.506500 0.511667 0.018000 0.018000
0 0.532500 0.439000 0.025000 0.038000
0 0.531750 0.377000 0.040500 0.042000
0 0.575500 0.337667 0.025000 0.023333
0 0.491750 0.288333 0.018500 0.027333
0 0.516750 0.258000 0.022500 0.012000
0 0.593250 0.241000 0.010500 0.019333
0 0.513250 0.118333 0.040500 0.052667
0 0.585000 0.082000 0.014000 0.022667
0 0.562500 0.037000 0.016000 0.020667
0 0.651750 0.032333 0.025500 0.031333
0 0.706500 0.091333 0.021000 0.025333
0 0.666500 0.164667 0.018000 0.012000
0 0.651250 0.121333 0.026500 0.034667
0 0.648750 0.249667 0.015500 0.027333
0 0.666000 0.355667 0.036000 0.030000
0 0.708500 0.263667 0.016000 0.035333
0 0.653750 0.568333 0.029500 0.047333
0 0.708000 0.569000 0.021000 0.022000
0 0.719750 0.430000 0.015500 0.029333
0 0.700250 0.611000 0.027500 0.023333
0 0.683500 0.673000 0.015000 0.019333
0 0.636750 0.668000 0.006500 0.016000
0 0.689500 0.833000 0.023000 0.044667
0 0.746250 0.939667 0.021500 0.020667
0 0.759500 0.975333 0.018000 0.020000
0 0.809250 0.858333 0.015500 0.014000
0 0.827500 0.882667 0.014000 0.008000
0 0.767750 0.814333 0.027500 0.055333
0 0.812500 0.807667 0.033000 0.042000
0 0.745750 0.703333 0.016500 0.026667
0 0.780250 0.674000 0.033500 0.085333
0 0.799500 0.498333 0.054000 0.055333
0 0.783250 0.445333 0.020500 0.022667
0 0.781750 0.373333 0.020500 0.021333
0 0.838000 0.344667 0.028000 0.053333
0 0.831500 0.259667 0.039000 0.044667
0 0.774750 0.238667 0.007500 0.020000
0 0.847500 0.156000 0.020000 0.030667
0 0.779250 0.110667 0.032500 0.062667
0 0.834250 0.080667 0.011500 0.052000
0 0.742750 0.059667 0.014500 0.012667
0 0.955250 0.077000 0.023500 0.052667
0 0.917750 0.119000 0.021500 0.015333
0 0.925250 0.059667 0.015500 0.019333
0 0.961500 0.135333 0.017000 0.028000
0 0.925750 0.173667 0.014500 0.011333
0 0.883000 0.209667 0.018000 0.018000
0 0.897500 0.243333 0.013000 0.026667
0 0.910250 0.392333 0.032500 0.027333
0 0.950000 0.412667 0.004000 0.008000
0 0.937500 0.476667 0.048000 0.078667
0 0.929250 0.542000 0.029500 0.025333
0 0.958500 0.652000 0.026000 0.098667
0 0.911500 0.630333 0.049000 0.035333
0 0.963000 0.344000 0.020000 0.028000
0 0.943750 0.771667 0.018500 0.024667
0 0.908750 0.913667 0.017500 0.022000
0 0.904500 0.961333 0.024000 0.045333
0 0.990750 0.927333 0.018500 0.017333
0 0.994500 0.716667 0.011000 0.017333
