0 0.070000 0.106667 0.129000 0.133333
0 0.201750 0.094000 0.092500 0.156000
0 0.256000 0.202667 0.133000 0.044000
0 0.280500 0.126000 0.037000 0.044000
0 0.398500 0.120000 0.131000 0.081333
0 0.511750 0.170667 0.057500 0.062667
0 0.602750 0.208667 0.077500 0.113333
0 0.651250 0.313000 0.040500 0.022000
0 0.831000 0.180000 0.030000 0.044000
0 0.609250 0.051667 0.015500 0.032667
0 0.552000 0.067667 0.016000 0.018000
0 0.746500 0.324333 0.065000 0.040667
0 0.837000 0.315667 0.035000 0.052667
0 0.963500 0.220333 0.067000 0.074000
0 0.926250 0.508667 0.141500 0.160000
0 0.502250 0.423333 0.078500 0.089333
0 0.302500 0.359000 0.081000 0.034000
0 0.376750 0.436333 0.034500 0.052667
0 0.325750 0.440000 0.014500 0.014667
0 0.235250 0.418667 0.038500 0.017333
0 0.211750 0.368333 0.055500 0.032667
0 0.199000 0.311000 0.068000 0.031333
0 0.043250 0.301667 0.077500 0.108667
0 0.133000 0.316667 0.047000 0.022667
0 0.637750 0.386667 0.026500 0.026667
0 0.600750 0.495333 0.073500 0.068000
0 0.678500 0.468333 0.033000 0.042000
0 0.778500 0.524333 0.084000 0.070000
0 0.763000 0.447667 0.023000 0.038000
0 0.884750 0.769000 0.152500 0.091333
0 0.818250 0.659667 0.059500 0.084667
0 0.746500 0.691667 0.029000 0.035333
0 0.577250 0.679000 0.026500 0.043333
0 0.632250 0.726333 0.012500 0.028667
0 0.690750 0.704667 0.006500 0.016000
0 0.535250 0.567667 0.025500 0.031333
0 0.480500 0.545000 0.039000 0.031333
0 0.463500 0.657667 0.118000 0.092667
0 0.333000 0.638333 0.119000 0.076667
0 0.342750 0.526333 0.033500 0.028667
0 0.168750 0.569667 0.169500 0.106000
0 0.041750 0.561667 0.061500 0.079333
0 0.039500 0.695333 0.066000 0.138667
0 0.112000 0.735000 0.049000 0.152667
0 0.167750 0.749667 0.058500 0.148667
0 0.246250 0.742667 0.043500 0.064000
0 0.314500 0.845667 0.095000 0.084667
0 0.334750 0.749667 0.064500 0.052667
0 0.412500 0.797333 0.056000 0.088000
0 0.477250 0.802333 0.056500 0.060667
0 0.383250 0.883667 0.021500 0.036667
0 0.221500 0.831333 0.015000 0.045333
0 0.564000 0.862000 0.083000 0.132000
0 0.676250 0.913667 0.109500 0.094000
0 0.717250 0.842667 0.070500 0.025333
0 0.816250 0.920000 0.057500 0.117333
0 0.944750 0.891667 0.044500 0.040667
0 0.040250 0.918667 0.077500 0.162667
0 0.130000 0.932667 0.072000 0.134667
0 0.184250 0.965667 0.016500 0.060667
0 0.261250 0.963333 0.086500 0.068000
0 0.216750 0.914333 0.045500 0.027333
0 0.358750 0.979667 0.029500 0.040667
0 0.874500 0.108000 0.036000 0.030667
0 0.632750 0.848333 0.020500 0.028667
