0 0.071000 0.418667 0.073000 0.073333
0 0.105250 0.064667 0.023500 0.073333
0 0.076250 0.222667 0.014500 0.025333
0 0.088250 0.134667 0.019500 0.024000
0 0.127500 0.136667 0.014000 0.018667
0 0.061750 0.638667 0.018500 0.021333
0 0.059000 0.856667 0.028000 0.044000
0 0.103250 0.888667 0.012500 0.017333
0 0.108500 0.969667 0.040000 0.046000
0 0.184250 0.454667 0.035500 0.029333
0 0.042750 0.750667 0.013500 0.017333
0 0.056000 0.719667 0.014000 0.020667
0 0.091500 0.731667 0.017000 0.019333
0 0.208500 0.659667 0.025000 0.035333
0 0.197000 0.581667 0.017000 0.024667
0 0.292250 0.645667 0.025500 0.042000
0 0.290250 0.793667 0.037500 0.095333
0 0.293750 0.969667 0.072500 0.056667
0 0.280250 0.355667 0.031500 0.043333
0 0.202000 0.359667 0.040000 0.099333
0 0.196250 0.264667 0.036500 0.046667
0 0.269000 0.188667 0.022000 0.036000
0 0.281750 0.292667 0.046500 0.060000
0 0.187500 0.065667 0.041000 0.070000
0 0.264500 0.084000 0.063000 0.100000
0 0.361750 0.397667 0.023500 0.034000
0 0.419750 0.361000 0.050500 0.030000
0 0.343750 0.196667 0.018500 0.022667
0 0.409250 0.037000 0.019500 0.030000
0 0.375500 0.314667 0.018000 0.017333
0 0.425250 0.461667 0.019500 0.024667
0 0.416750 0.656667 0.018500 0.084000
0 0.371750 0.647667 0.046500 0.052667
0 0.356500 0.551667 0.013000 0.058000
0 0.412750 0.510667 0.015500 0.026667
0 0.449750 0.854000 0.039500 0.024000
0 0.380500 0.772667 0.017000 0.018667
0 0.427000 0.535667 0.015000 0.016667
0 0.463000 0.399667 0.016000 0.023333
0 0.537500 0.870667 0.058000 0.026667
0 0.606000 0.900000 0.024000 0.024000
0 0.537250 0.615667 0.025500 0.144667
0 0.596000 0.345667 0.046000 0.079333
0 0.557250 0.455667 0.047500 0.064667
0 0.514250 0.245667 0.022500 0.031333
0 0.583000 0.199667 0.022000 0.048667
0 0.555250 0.066667 0.054500 0.060000
0 0.504000 0.043667 0.018000 0.022000
0 0.543000 0.380667 0.012000 0.026667
0 0.569750 0.527000 0.010500 0.022000
0 0.618750 0.532667 0.014500 0.032000
0 0.558500 0.976667 0.016000 0.026667
0 0.687500 0.073667 0.083000 0.067333
0 0.717000 0.027667 0.018000 0.026000
0 0.648250 0.145667 0.013500 0.024667
0 0.655250 0.354667 0.031500 0.074667
0 0.710750 0.269667 0.070500 0.146000
0 0.791500 0.147667 0.059000 0.088667
0 0.733750 0.761667 0.038500 0.171333
0 0.759250 0.908667 0.018500 0.030667
0 0.733750 0.983667 0.026500 0.032667
0 0.856500 0.253667 0.054000 0.107333
0 0.843500 0.076667 0.069000 0.134667
0 0.802500 0.355667 0.046000 0.131333
0 0.858500 0.374667 0.048000 0.070667
0 0.855500 0.445667 0.054000 0.043333
0 0.806500 0.501667 0.033000 0.039333
0 0.856750 0.523667 0.028500 0.039333
0 0.835750 0.715667 0.060500 0.034000
0 0.807500 0.589667 0.024000 0.028667
0 0.871750 0.632667 0.043500 0.066667
0 0.863500 0.778667 0.019000 0.022667
0 0.872500 0.880667 0.060000 0.041333
0 0.806500 0.772667 0.016000 0.022667
0 0.977000 0.842667 0.044000 0.158667
0 0.941500 0.798667 0.022000 0.026667
0 0.975000 0.708667 0.040000 0.030667
0 0.981500 0.396667 0.037000 0.044000
0 0.923750 0.256667 0.060500 0.070667
0 0.951500 0.104667 0.097000 0.205333
0 0.955750 0.513000 0.088500 0.110000
0 0.156000 0.840000 0.027000 0.050667
0 0.084250 0.613000 0.023500 0.023333
0 0.095500 0.518000 0.050000 0.080000
0 0.064000 0.293333 0.038000 0.086667
0 0.155000 0.509667 0.052000 0.054000
0 0.145500 0.725000 0.022000 0.026000
0 0.636000 0.878000 0.016000 0.022667
0 0.579250 0.267000 0.007500 0.011333
