0 0.038750 0.025000 0.029500 0.044667
0 0.106000 0.035000 0.049000 0.054000
0 0.306500 0.039333 0.042000 0.048000
0 0.440500 0.066000 0.032000 0.014667
0 0.531250 0.037000 0.042500 0.064667
0 0.584500 0.051667 0.017000 0.027333
0 0.689750 0.074667 0.021500 0.022667
0 0.731750 0.083000 0.026500 0.032667
0 0.763750 0.073667 0.009500 0.016667
0 0.755250 0.037333 0.029500 0.028000
0 0.804250 0.044000 0.022500 0.030667
0 0.819250 0.083667 0.030500 0.026000
0 0.925000 0.096000 0.025000 0.026667
0 0.876000 0.010000 0.029000 0.018667
0 0.970500 0.081667 0.014000 0.031333
0 0.915500 0.133333 0.026000 0.021333
0 0.876000 0.120667 0.013000 0.018667
0 0.049250 0.231000 0.043500 0.070000
0 0.096000 0.194333 0.044000 0.022000
0 0.042250 0.114000 0.009500 0.016000
0 0.248000 0.196667 0.012000 0.024000
0 0.304000 0.129000 0.020000 0.023333
0 0.424750 0.195333 0.042500 0.093333
0 0.501750 0.257333 0.020500 0.025333
0 0.495250 0.167000 0.015500 0.011333
0 0.645000 0.177667 0.023000 0.039333
0 0.680750 0.173333 0.039500 0.042667
0 0.647250 0.249000 0.018500 0.027333
0 0.691750 0.251000 0.023500 0.018000
0 0.740750 0.175667 0.035500 0.048667
0 0.784250 0.216000 0.019500 0.046667
0 0.805250 0.165667 0.008500 0.016667
0 0.861750 0.165000 0.023500 0.036667
0 0.887750 0.183333 0.014500 0.022667
0 0.826500 0.270000 0.016000 0.032000
0 0.956750 0.282333 0.035500 0.107333
0 0.928500 0.182667 0.016000 0.021333
0 0.992000 0.168000 0.008000 0.016000
0 0.928500 0.156000 0.023000 0.014667
0 0.400500 0.304667 0.032000 0.032000
0 0.024000 0.327000 0.017000 0.018000
0 0.086500 0.320333 0.027000 0.036667
0 0.134750 0.324667 0.030500 0.032000
0 0.241250 0.335000 0.028500 0.035333
0 0.182750 0.294333 0.011500 0.010000
0 0.117250 0.490333 0.030500 0.076667
0 0.063000 0.492667 0.046000 0.033333
0 0.234000 0.382667 0.019000 0.036000
0 0.204750 0.493000 0.020500 0.028667
0 0.159250 0.400667 0.017500 0.008000
0 0.140500 0.447333 0.009000 0.014667
0 0.275000 0.500667 0.020000 0.018667
0 0.302250 0.335333 0.037500 0.034667
0 0.450750 0.392333 0.008500 0.024667
0 0.423000 0.341000 0.015000 0.023333
0 0.403500 0.478000 0.018000 0.016000
0 0.600250 0.374333 0.024500 0.035333
0 0.688250 0.377333 0.016500 0.016000
0 0.760750 0.380667 0.008500 0.013333
0 0.959000 0.435667 0.037000 0.056667
0 0.969000 0.511000 0.026000 0.020667
0 0.929750 0.401667 0.013500 0.019333
0 0.008000 0.580333 0.009000 0.038000
0 0.059250 0.600667 0.041500 0.028000
0 0.030750 0.637667 0.010500 0.014000
0 0.061750 0.630667 0.017500 0.012000
0 0.088250 0.676667 0.021500 0.026667
0 0.125000 0.668000 0.039000 0.062667
0 0.161000 0.626667 0.029000 0.032000
0 0.195500 0.619000 0.015000 0.074000
0 0.231000 0.571000 0.055000 0.020667
0 0.238250 0.633667 0.030500 0.027333
0 0.232000 0.680000 0.034000 0.018667
0 0.244500 0.714667 0.058000 0.040000
0 0.306000 0.614000 0.054000 0.058667
0 0.336250 0.677667 0.025500 0.027333
0 0.277000 0.747667 0.021000 0.010000
0 0.233000 0.757333 0.021000 0.021333
0 0.374750 0.639667 0.050500 0.039333
0 0.374750 0.698667 0.026500 0.032000
0 0.413750 0.678667 0.037500 0.037333
0 0.430250 0.635333 0.029500 0.030667
0 0.495500 0.659000 0.054000 0.072667
0 0.466500 0.709000 0.010000 0.019333
0 0.544500 0.661000 0.017000 0.024667
0 0.548250 0.738333 0.048500 0.031333
0 0.609750 0.804333 0.047500 0.044667
0 0.672750 0.660000 0.053500 0.032000
0 0.809000 0.679667 0.030000 0.031333
0 0.824500 0.759667 0.022000 0.039333
0 0.914750 0.711667 0.069500 0.103333
0 0.989500 0.701333 0.021000 0.022667
0 0.678750 0.707333 0.026500 0.021333
0 0.825500 0.843667 0.014000 0.010000
0 0.034500 0.766667 0.044000 0.040000
0 0.082750 0.797667 0.035500 0.042000
0 0.156000 0.809000 0.047000 0.034000
0 0.156250 0.762333 0.026500 0.035333
0 0.126000 0.780333 0.007000 0.012667
0 0.051750 0.860333 0.084500 0.074000
0 0.133250 0.937333 0.062500 0.078667
0 0.202000 0.953000 0.043000 0.040667
0 0.169000 0.851000 0.022000 0.032667
0 0.208750 0.854333 0.011500 0.027333
0 0.213250 0.780333 0.020500 0.034000
0 0.265000 0.874000 0.058000 0.041333
0 0.270500 0.814333 0.022000 0.031333
0 0.234500 0.799000 0.006000 0.011333
0 0.049000 0.984333 0.023000 0.031333
0 0.376500 0.882000 0.041000 0.049333
0 0.376500 0.828333 0.022000 0.016667
0 0.325250 0.979667 0.031500 0.040667
0 0.343750 0.941667 0.017500 0.024667
0 0.478750 0.956667 0.038500 0.064000
0 0.565750 0.942333 0.095500 0.107333
0 0.738750 0.920333 0.083500 0.059333
0 0.845000 0.936667 0.059000 0.066667
0 0.897000 0.896333 0.017000 0.020667
0 0.900500 0.971333 0.023000 0.057333
0 0.943250 0.927333 0.031500 0.057333
0 0.239250 0.976333 0.015500 0.026000
0 0.389250 0.984000 0.009500 0.029333
