0 0.117250 0.040000 0.080500 0.078667
0 0.041750 0.137000 0.065500 0.094000
0 0.118750 0.194667 0.026500 0.090667
0 0.075250 0.443000 0.131500 0.212667
0 0.165500 0.354000 0.028000 0.056000
0 0.168750 0.467667 0.024500 0.040667
0 0.043000 0.257333 0.065000 0.044000
0 0.067000 0.213333 0.018000 0.037333
0 0.106250 0.689333 0.125500 0.134667
0 0.096250 0.831333 0.020500 0.073333
0 0.183500 0.900000 0.044000 0.044000
0 0.078750 0.962000 0.060500 0.072000
0 0.236250 0.020667 0.079500 0.032000
0 0.267750 0.193000 0.129500 0.136667
0 0.239750 0.287000 0.046500 0.034000
0 0.328500 0.315667 0.028000 0.079333
0 0.299250 0.429333 0.075500 0.080000
0 0.261000 0.536667 0.037000 0.042667
0 0.298250 0.580000 0.027500 0.018667
0 0.301750 0.732667 0.102500 0.266667
0 0.361750 0.963000 0.020500 0.046000
0 0.390000 0.056000 0.033000 0.044000
0 0.440000 0.078000 0.036000 0.048000
0 0.376500 0.112667 0.019000 0.024000
0 0.443000 0.023333 0.040000 0.037333
0 0.471250 0.200333 0.024500 0.059333
0 0.457500 0.377333 0.073000 0.037333
0 0.401250 0.299667 0.020500 0.019333
0 0.423750 0.566000 0.055500 0.036000
0 0.475750 0.473000 0.015500 0.023333
0 0.405750 0.437000 0.026500 0.038000
0 0.431250 0.643333 0.047500 0.036000
0 0.496250 0.675333 0.017500 0.025333
0 0.431000 0.895333 0.044000 0.201333
0 0.481250 0.845667 0.043500 0.020667
0 0.549000 0.023333 0.044000 0.037333
0 0.570250 0.077333 0.024500 0.036000
0 0.552250 0.153667 0.037500 0.027333
0 0.600750 0.178000 0.021500 0.032000
0 0.566500 0.341333 0.059000 0.050667
0 0.575750 0.400333 0.043500 0.022000
0 0.517750 0.273667 0.024500 0.043333
0 0.631500 0.927000 0.022000 0.019333
0 0.628500 0.558333 0.056000 0.060667
0 0.594500 0.629333 0.070000 0.125333
0 0.589250 0.746667 0.063500 0.068000
0 0.553250 0.830667 0.019500 0.024000
0 0.600000 0.469667 0.059000 0.075333
0 0.262250 0.343000 0.019500 0.023333
0 0.620500 0.291000 0.028000 0.026000
0 0.708250 0.039667 0.021500 0.028667
0 0.747500 0.488000 0.021000 0.037333
0 0.691500 0.460333 0.023000 0.028667
0 0.737500 0.730667 0.026000 0.030667
0 0.782750 0.573333 0.026500 0.042667
0 0.708500 0.660333 0.035000 0.046000
0 0.746500 0.607000 0.028000 0.039333
0 0.756500 0.297333 0.021000 0.024000
0 0.691250 0.391667 0.022500 0.043333
0 0.790500 0.822333 0.037000 0.138000
0 0.673000 0.238667 0.013000 0.024000
0 0.795250 0.131000 0.038500 0.040667
0 0.857500 0.153667 0.014000 0.020667
0 0.848750 0.209333 0.076500 0.054667
0 0.827250 0.269667 0.030500 0.023333
0 0.846750 0.317667 0.024500 0.034000
0 0.892500 0.392667 0.033000 0.112000
0 0.842750 0.522000 0.038500 0.042667
0 0.881000 0.606333 0.085000 0.084667
0 0.855250 0.702667 0.041500 0.066667
0 0.874250 0.788333 0.020500 0.050000
0 0.874000 0.881667 0.017000 0.023333
0 0.936250 0.829000 0.015500 0.046000
0 0.934750 0.197333 0.043500 0.121333
0 0.978250 0.055333 0.043500 0.064000
0 0.963500 0.393667 0.017000 0.026000
