0 0.051000 0.139000 0.025000 0.028667
0 0.040250 0.233000 0.031500 0.040667
0 0.087500 0.211000 0.021000 0.014000
0 0.088500 0.270333 0.047000 0.034000
0 0.041250 0.342667 0.024500 0.018667
0 0.052750 0.475667 0.048500 0.050000
0 0.057250 0.549333 0.025500 0.033333
0 0.113500 0.755667 0.019000 0.015333
0 0.068750 0.830667 0.010500 0.022667
0 0.059250 0.749667 0.010500 0.015333
0 0.277250 0.921333 0.012500 0.016000
0 0.260000 0.598000 0.031000 0.048000
0 0.216500 0.514000 0.044000 0.041333
0 0.180500 0.450000 0.044000 0.046667
0 0.182750 0.265667 0.045500 0.047333
0 0.225000 0.358000 0.039000 0.060000
0 0.225500 0.242333 0.031000 0.031333
0 0.209500 0.068333 0.076000 0.100667
0 0.165000 0.160667 0.010000 0.022667
0 0.251000 0.156000 0.025000 0.054667
0 0.146500 0.195000 0.013000 0.020667
0 0.316000 0.046667 0.020000 0.056000
0 0.291250 0.084000 0.021500 0.028000
0 0.381250 0.018000 0.021500 0.028000
0 0.381000 0.111000 0.032000 0.023333
0 0.313750 0.153333 0.035500 0.040000
0 0.325250 0.289667 0.061500 0.082000
0 0.382500 0.357667 0.017000 0.024667
0 0.352500 0.476667 0.009000 0.017333
0 0.321500 0.523667 0.015000 0.016667
0 0.354500 0.444333 0.015000 0.023333
0 0.360250 0.645000 0.009500 0.014000
0 0.317500 0.665333 0.012000 0.020000
0 0.341250 0.583333 0.024500 0.042667
0 0.378500 0.966333 0.045000 0.050000
0 0.540250 0.918333 0.035500 0.062000
0 0.492500 0.810667 0.020000 0.022667
0 0.528750 0.795000 0.011500 0.026000
0 0.449250 0.655333 0.028500 0.054667
0 0.509500 0.644333 0.050000 0.075333
0 0.513250 0.561333 0.042500 0.030667
0 0.442000 0.560000 0.026000 0.044000
0 0.510500 0.409667 0.050000 0.072667
0 0.436500 0.414000 0.020000 0.049333
0 0.453250 0.365333 0.028500 0.030667
0 0.512500 0.168333 0.042000 0.048667
0 0.451750 0.188667 0.036500 0.088000
0 0.427000 0.033000 0.019000 0.026000
0 0.536500 0.055333 0.028000 0.029333
0 0.502000 0.016667 0.035000 0.026667
0 0.466000 0.094667 0.025000 0.030667
0 0.617500 0.046667 0.043000 0.070667
0 0.693250 0.050333 0.037500 0.043333
0 0.599500 0.128333 0.029000 0.031333
0 0.703250 0.144667 0.046500 0.069333
0 0.589250 0.197000 0.005500 0.019333
0 0.653250 0.181333 0.013500 0.036000
0 0.655000 0.271000 0.038000 0.046000
0 0.667000 0.331333 0.021000 0.052000
0 0.593000 0.332333 0.037000 0.034000
0 0.709000 0.314333 0.031000 0.068667
0 0.617000 0.436000 0.052000 0.056000
0 0.671500 0.470667 0.037000 0.076000
0 0.707250 0.435667 0.024500 0.022000
0 0.676250 0.592000 0.023500 0.022667
0 0.605500 0.699667 0.031000 0.022000
0 0.655000 0.769667 0.050000 0.106000
0 0.674250 0.855000 0.020500 0.034000
0 0.721750 0.887333 0.021500 0.034667
0 0.610750 0.936667 0.017500 0.017333
0 0.656500 0.919333 0.021000 0.021333
0 0.766750 0.860333 0.014500 0.019333
0 0.799000 0.815333 0.031000 0.029333
0 0.844500 0.833667 0.025000 0.026000
0 0.827500 0.911333 0.021000 0.018667
0 0.846500 0.718333 0.022000 0.016667
0 0.808500 0.672333 0.016000 0.034000
0 0.749250 0.719333 0.023500 0.033333
0 0.729750 0.769667 0.013500 0.008667
0 0.868000 0.647333 0.017000 0.024000
0 0.823750 0.547333 0.025500 0.017333
0 0.776500 0.485000 0.018000 0.031333
0 0.804250 0.440667 0.025500 0.050667
0 0.859000 0.223333 0.035000 0.041333
0 0.833250 0.287667 0.014500 0.019333
0 0.850500 0.129667 0.050000 0.104667
0 0.826500 0.020667 0.047000 0.024000
0 0.975500 0.044333 0.029000 0.042000
0 0.940500 0.148667 0.033000 0.046667
0 0.984500 0.141667 0.012000 0.007333
0 0.986500 0.232000 0.027000 0.032000
0 0.944250 0.266667 0.022500 0.045333
0 0.927000 0.311667 0.018000 0.018000
0 0.764750 0.313333 0.019500 0.046667
0 0.769750 0.194667 0.014500 0.029333
0 0.755000 0.040333 0.021000 0.035333
0 0.979250 0.358333 0.031500 0.066000
0 0.987250 0.440000 0.020500 0.026667
0 0.932500 0.491000 0.024000 0.043333
0 0.989750 0.651000 0.020500 0.028667
0 0.941750 0.720333 0.022500 0.020667
0 0.937250 0.853667 0.013500 0.012667
0 0.976000 0.919667 0.025000 0.024667
0 0.797500 0.266667 0.012000 0.022667
0 0.803250 0.984667 0.038500 0.020000
0 0.361750 0.754000 0.055500 0.089333
0 0.143750 0.977333 0.042500 0.022667
