0 0.048250 0.164667 0.016500 0.020000
0 0.075750 0.781000 0.015500 0.070000
0 0.211500 0.149667 0.013000 0.022000
0 0.164750 0.497667 0.016500 0.015333
0 0.103250 0.704667 0.014500 0.021333
0 0.153750 0.680667 0.048500 0.098667
0 0.314000 0.103667 0.015000 0.022000
0 0.365750 0.030667 0.020500 0.050667
0 0.296250 0.336667 0.041500 0.049333
0 0.220000 0.402667 0.029000 0.026667
0 0.232250 0.353667 0.036500 0.047333
0 0.234500 0.041667 0.018000 0.055333
0 0.313500 0.946667 0.017000 0.029333
0 0.339750 0.458667 0.035500 0.056000
0 0.282750 0.468667 0.011500 0.016000
0 0.182000 0.453667 0.013000 0.022000
0 0.225000 0.218667 0.014000 0.013333
0 0.231750 0.818667 0.011500 0.018667
0 0.126000 0.519667 0.036000 0.015333
0 0.362250 0.606667 0.013500 0.018667
0 0.349750 0.266667 0.042500 0.049333
0 0.590500 0.324667 0.035000 0.058667
0 0.500000 0.040667 0.079000 0.062667
0 0.537250 0.522667 0.012500 0.024000
0 0.461000 0.438667 0.014000 0.018667
0 0.546500 0.652000 0.054000 0.072000
0 0.540000 0.759667 0.020000 0.027333
0 0.640000 0.359667 0.020000 0.027333
0 0.604000 0.566667 0.034000 0.054667
0 0.748750 0.314667 0.033500 0.070667
0 0.806500 0.215667 0.026000 0.111333
0 0.795250 0.712667 0.030500 0.090667
0 0.598750 0.650667 0.022500 0.049333
0 0.774500 0.469667 0.030000 0.032667
0 0.529250 0.828667 0.011500 0.024000
0 0.747750 0.942667 0.074500 0.072000
0 0.764000 0.812667 0.013000 0.021333
0 0.870500 0.549000 0.038000 0.074000
0 0.933500 0.287667 0.036000 0.048667
0 0.879000 0.264667 0.011000 0.018667
0 0.934500 0.421667 0.034000 0.030000
0 0.175250 0.364667 0.039500 0.038667
0 0.552500 0.334667 0.008000 0.026667
0 0.606500 0.742000 0.050000 0.072000
0 0.047250 0.232667 0.054500 0.034667
0 0.013000 0.414667 0.022000 0.044000
0 0.016750 0.532000 0.025500 0.048000
0 0.057250 0.595667 0.029500 0.039333
0 0.008000 0.906000 0.011000 0.044000
0 0.011250 0.976667 0.021500 0.041333
0 0.117000 0.760667 0.010000 0.022667
0 0.163500 0.759667 0.020000 0.022000
0 0.224250 0.741667 0.025500 0.031333
0 0.218000 0.649667 0.015000 0.027333
0 0.243750 0.666667 0.009500 0.021333
0 0.226000 0.512667 0.011000 0.024000
0 0.169750 0.555667 0.035500 0.048667
0 0.119500 0.303667 0.039000 0.040667
0 0.147500 0.212667 0.019000 0.028000
0 0.127000 0.180667 0.049000 0.033333
0 0.184500 0.021667 0.030000 0.032667
0 0.278750 0.173667 0.021500 0.012667
0 0.296000 0.209667 0.022000 0.015333
0 0.288750 0.274667 0.029500 0.026667
0 0.359000 0.350667 0.015000 0.020000
0 0.393000 0.362667 0.009000 0.017333
0 0.431000 0.800667 0.015000 0.013333
0 0.485000 0.811667 0.019000 0.015333
0 0.443500 0.767667 0.017000 0.015333
0 0.442000 0.681667 0.017000 0.031333
0 0.482750 0.478000 0.048500 0.032000
0 0.537250 0.452667 0.021500 0.062667
0 0.473750 0.365667 0.044500 0.043333
0 0.396500 0.262667 0.015000 0.017333
0 0.435750 0.260667 0.016500 0.030667
0 0.474750 0.278667 0.027500 0.038667
0 0.539500 0.256667 0.020000 0.010667
0 0.510250 0.212667 0.016500 0.016000
0 0.471750 0.123667 0.018500 0.028667
0 0.633000 0.061667 0.030000 0.032667
0 0.624250 0.412667 0.052500 0.060000
0 0.743500 0.719667 0.010000 0.016667
0 0.765000 0.718000 0.012000 0.032000
0 0.788750 0.544667 0.056500 0.076000
0 0.728750 0.082667 0.016500 0.021333
0 0.765750 0.025667 0.017500 0.016667
0 0.928000 0.027667 0.012000 0.023333
0 0.875250 0.006000 0.022500 0.010667
0 0.868750 0.223667 0.011500 0.018000
0 0.894000 0.234667 0.013000 0.029333
0 0.896500 0.362667 0.018000 0.014667
0 0.830750 0.400667 0.008500 0.017333
0 0.856750 0.416667 0.012500 0.018667
0 0.883250 0.446667 0.018500 0.017333
0 0.899250 0.477667 0.009500 0.016667
0 0.944500 0.467000 0.011000 0.010000
0 0.882500 0.320000 0.010000 0.016000
0 0.921250 0.147667 0.020500 0.034000
0 0.930500 0.611667 0.028000 0.044667
0 0.804500 0.892667 0.020000 0.017333
0 0.989750 0.688667 0.020500 0.054667
0 0.989500 0.848667 0.021000 0.029333
0 0.987750 0.419667 0.012500 0.027333
0 0.976000 0.160667 0.010000 0.026667
0 0.993000 0.272667 0.014000 0.022667
0 0.987000 0.358667 0.018000 0.026667
0 0.972000 0.066000 0.016000 0.032000
0 0.916250 0.713667 0.014500 0.044667
0 0.871750 0.628667 0.038500 0.037333
0 0.931000 0.499667 0.024000 0.031333
0 0.876750 0.799667 0.042500 0.030000
0 0.852750 0.855667 0.030500 0.034000
0 0.923000 0.900667 0.017000 0.017333
0 0.726000 0.611667 0.008000 0.006000
0 0.339500 0.862667 0.037000 0.022667
0 0.609250 0.227000 0.052500 0.056667
0 0.236500 0.261667 0.019000 0.032667
