0 0.035750 0.267667 0.031500 0.031333
0 0.032750 0.172667 0.029500 0.082667
0 0.034000 0.409667 0.042000 0.055333
0 0.033250 0.533667 0.033500 0.148667
0 0.111500 0.234667 0.046000 0.097333
0 0.116750 0.387667 0.056500 0.064667
0 0.132500 0.481667 0.023000 0.056667
0 0.175750 0.181667 0.056500 0.036667
0 0.176500 0.116667 0.027000 0.033333
0 0.192500 0.317667 0.016000 0.027333
0 0.157750 0.283667 0.012500 0.028667
0 0.127750 0.017667 0.027500 0.032667
0 0.170750 0.059667 0.012500 0.023333
0 0.210500 0.525000 0.015000 0.042000
0 0.203750 0.592667 0.047500 0.045333
0 0.135000 0.577667 0.013000 0.022000
0 0.208500 0.367667 0.014000 0.027333
0 0.162250 0.926667 0.016500 0.024000
0 0.206000 0.944667 0.014000 0.020000
0 0.185250 0.695667 0.016500 0.024667
0 0.131000 0.680667 0.051000 0.016000
0 0.274750 0.288667 0.051500 0.077333
0 0.331750 0.344667 0.047500 0.074667
0 0.340500 0.242667 0.048000 0.030667
0 0.298750 0.169667 0.041500 0.095333
0 0.350250 0.445667 0.015500 0.020667
0 0.325250 0.526667 0.075500 0.041333
0 0.276000 0.425667 0.013000 0.020667
0 0.348250 0.763667 0.022500 0.035333
0 0.510250 0.705667 0.038500 0.047333
0 0.411750 0.155000 0.053500 0.058000
0 0.474250 0.085667 0.031500 0.050000
0 0.485500 0.196667 0.017000 0.029333
0 0.417500 0.708667 0.017000 0.050667
0 0.413250 0.330667 0.025500 0.045333
0 0.446500 0.443667 0.014000 0.022000
0 0.489250 0.337667 0.042500 0.064667
0 0.512250 0.457667 0.016500 0.027333
0 0.491000 0.512667 0.015000 0.018667
0 0.525750 0.570667 0.017500 0.029333
0 0.452750 0.856667 0.036500 0.025333
0 0.405250 0.012667 0.023500 0.017333
0 0.424750 0.088667 0.030500 0.062667
0 0.582750 0.269667 0.029500 0.062000
0 0.585250 0.070667 0.024500 0.030667
0 0.568750 0.023667 0.013500 0.019333
0 0.532000 0.167667 0.015000 0.022000
0 0.557750 0.151667 0.022500 0.040667
0 0.540250 0.323667 0.020500 0.063333
0 0.604500 0.524667 0.032000 0.034667
0 0.634750 0.501667 0.017500 0.015333
0 0.591250 0.656667 0.018500 0.038667
0 0.618500 0.732667 0.014000 0.017333
0 0.652250 0.042667 0.040500 0.036000
0 0.689500 0.033667 0.014000 0.015333
0 0.726000 0.071667 0.014000 0.015333
0 0.672000 0.222667 0.038000 0.024000
0 0.668500 0.277667 0.032000 0.044667
0 0.734000 0.195667 0.053000 0.027333
0 0.720750 0.458667 0.012500 0.024000
0 0.722500 0.307000 0.030000 0.106000
0 0.740750 0.400667 0.016500 0.022667
0 0.757000 0.526667 0.014000 0.014667
0 0.719000 0.665667 0.050000 0.082000
0 0.737000 0.871667 0.014000 0.015333
0 0.874500 0.789667 0.031000 0.043333
0 0.807250 0.041667 0.098500 0.074000
0 0.846500 0.129667 0.028000 0.039333
0 0.820250 0.152667 0.016500 0.020000
0 0.797000 0.110000 0.058000 0.036000
0 0.843000 0.301667 0.060000 0.051333
0 0.792000 0.227667 0.019000 0.038000
0 0.889250 0.530667 0.042500 0.061333
0 0.885750 0.384667 0.015500 0.018667
0 0.894250 0.448667 0.024500 0.017333
0 0.866750 0.220667 0.020500 0.016000
0 0.932750 0.052667 0.062500 0.070667
0 0.941250 0.182667 0.023500 0.046667
0 0.915250 0.291667 0.014500 0.022000
0 0.942250 0.324000 0.012500 0.020000
0 0.970750 0.376667 0.022500 0.028000
0 0.964750 0.455667 0.024500 0.055333
0 0.961750 0.289667 0.010500 0.040667
0 0.979000 0.689667 0.024000 0.075333
0 0.032500 0.765667 0.033000 0.083333
0 0.042500 0.861667 0.017000 0.035333
0 0.474750 0.918667 0.023500 0.025333
0 0.291250 0.787667 0.036500 0.048667
0 0.317750 0.668333 0.120500 0.102000
0 0.268000 0.054333 0.050000 0.074000
