0 0.061000 0.442667 0.114000 0.286667
0 0.078750 0.858667 0.116500 0.252000
0 0.072000 0.651667 0.113000 0.104667
0 0.056000 0.087000 0.030000 0.040667
0 0.021500 0.150333 0.027000 0.030000
0 0.085500 0.227333 0.052000 0.122667
0 0.106000 0.151000 0.017000 0.036667
0 0.030250 0.274667 0.049500 0.037333
0 0.179000 0.153667 0.058000 0.072667
0 0.250500 0.225667 0.059000 0.202000
0 0.174500 0.295667 0.051000 0.126000
0 0.191750 0.588333 0.057500 0.063333
0 0.211000 0.429000 0.112000 0.116667
0 0.221250 0.517667 0.136500 0.040667
0 0.293500 0.569000 0.051000 0.038000
0 0.218000 0.809000 0.118000 0.350000
0 0.407000 0.217333 0.040000 0.048000
0 0.370500 0.099667 0.113000 0.100667
0 0.338000 0.298667 0.047000 0.054667
0 0.362250 0.244667 0.021500 0.024000
0 0.416500 0.367667 0.068000 0.058000
0 0.459000 0.425000 0.044000 0.051333
0 0.374500 0.443333 0.079000 0.040000
0 0.361000 0.526667 0.050000 0.078667
0 0.446500 0.555000 0.026000 0.068667
0 0.377750 0.734667 0.063500 0.216000
0 0.442500 0.717667 0.046000 0.084667
0 0.463000 0.639000 0.023000 0.030000
0 0.381250 0.922667 0.052500 0.085333
0 0.420500 0.863667 0.033000 0.026000
0 0.465000 0.874667 0.029000 0.048000
0 0.457750 0.965667 0.048500 0.055333
0 0.399750 0.020333 0.042500 0.030000
0 0.167000 0.013667 0.028000 0.023333
0 0.199250 0.038000 0.019500 0.032000
0 0.234000 0.023000 0.047000 0.032667
0 0.264750 0.055000 0.021500 0.027333
0 0.474500 0.075333 0.020000 0.030667
0 0.508000 0.189333 0.072000 0.048000
0 0.564250 0.145333 0.017500 0.017333
0 0.500750 0.304667 0.036500 0.066667
0 0.531000 0.473667 0.062000 0.082000
0 0.581250 0.473333 0.024500 0.065333
0 0.502750 0.536667 0.020500 0.026667
0 0.551500 0.610000 0.021000 0.021333
0 0.589000 0.588333 0.022000 0.027333
0 0.562750 0.666667 0.051500 0.041333
0 0.548250 0.786000 0.083500 0.085333
0 0.534000 0.893333 0.030000 0.036000
0 0.578500 0.938333 0.051000 0.047333
0 0.556750 0.976000 0.025500 0.020000
0 0.692000 0.915333 0.042000 0.062667
0 0.749250 0.953667 0.034500 0.016667
0 0.733500 0.717667 0.028000 0.054000
0 0.688500 0.728667 0.056000 0.110667
0 0.636250 0.150333 0.048500 0.102000
0 0.670750 0.057000 0.059500 0.050000
0 0.701750 0.128000 0.047500 0.024000
0 0.691750 0.467333 0.026500 0.033333
0 0.724500 0.254667 0.021000 0.041333
0 0.651500 0.310333 0.018000 0.056667
0 0.791750 0.057000 0.021500 0.028667
0 0.793500 0.012667 0.023000 0.021333
0 0.759750 0.111000 0.016500 0.030000
0 0.814500 0.153000 0.018000 0.022000
0 0.845500 0.190667 0.019000 0.022667
0 0.837000 0.482667 0.018000 0.036000
0 0.822000 0.569667 0.018000 0.026000
0 0.922000 0.968333 0.031000 0.063333
0 0.912000 0.685333 0.018000 0.068000
0 0.824000 0.937667 0.022000 0.046000
0 0.922000 0.166333 0.033000 0.046000
0 0.973250 0.403333 0.025500 0.041333
0 0.965500 0.472667 0.025000 0.029333
0 0.976500 0.189333 0.047000 0.026667
