0 0.420750 0.417667 0.035500 0.167333
0 0.542750 0.152667 0.056500 0.046667
0 0.881000 0.647667 0.139000 0.214000
0 0.092500 0.355667 0.034000 0.067333
0 0.078750 0.582667 0.024500 0.078667
0 0.112750 0.976667 0.053500 0.046667
0 0.115250 0.804667 0.015500 0.026667
0 0.225250 0.208667 0.016500 0.042667
0 0.424000 0.241667 0.029000 0.059333
0 0.279750 0.246000 0.023500 0.028000
0 0.286250 0.406667 0.019500 0.024000
0 0.233000 0.422667 0.022000 0.033333
0 0.248250 0.475667 0.019500 0.020667
0 0.247750 0.942667 0.074500 0.069333
0 0.226750 0.768667 0.056500 0.026667
0 0.270000 0.341667 0.042000 0.026000
0 0.364250 0.508667 0.058500 0.065333
0 0.382000 0.590667 0.028000 0.026667
0 0.388500 0.787000 0.020000 0.026000
0 0.388500 0.929667 0.046000 0.126000
0 0.592500 0.089667 0.046000 0.090000
0 0.587750 0.246667 0.034500 0.030667
0 0.495750 0.179667 0.021500 0.028667
0 0.483500 0.325667 0.018000 0.031333
0 0.500750 0.289667 0.019500 0.022000
0 0.503250 0.476000 0.058500 0.084000
0 0.528000 0.606667 0.100000 0.118667
0 0.539250 0.795667 0.119500 0.060667
0 0.504000 0.891000 0.036000 0.046000
0 0.526250 0.973667 0.064500 0.051333
0 0.561000 0.731667 0.040000 0.060667
0 0.648250 0.101667 0.022500 0.028667
0 0.726500 0.099667 0.024000 0.048667
0 0.688500 0.208667 0.062000 0.077333
0 0.753250 0.151667 0.044500 0.034000
0 0.664500 0.387667 0.022000 0.031333
0 0.668250 0.545667 0.020500 0.024667
0 0.700250 0.626667 0.025500 0.041333
0 0.656500 0.657667 0.052000 0.051333
0 0.676500 0.765667 0.083000 0.118000
0 0.664500 0.877667 0.034000 0.084667
0 0.747750 0.461667 0.048500 0.088667
0 0.888250 0.135667 0.102500 0.104667
0 0.834250 0.241667 0.057500 0.135333
0 0.832750 0.358667 0.032500 0.058667
0 0.881750 0.316667 0.021500 0.038667
0 0.859500 0.473667 0.055000 0.088667
0 0.912250 0.489667 0.031500 0.076667
0 0.872500 0.882667 0.122000 0.222667
0 0.981500 0.760667 0.027000 0.017333
0 0.981500 0.124000 0.037000 0.060000
0 0.269750 0.035000 0.011500 0.022000
0 0.644500 0.284667 0.018000 0.056000
0 0.933250 0.411000 0.029500 0.027333
0 0.986250 0.362000 0.021500 0.170667
