0 0.013000 0.013000 0.025000 0.018000
0 0.037750 0.129667 0.051500 0.083333
0 0.034500 0.260333 0.048000 0.044667
0 0.018250 0.344000 0.028500 0.044000
0 0.052500 0.370000 0.016000 0.024000
0 0.016000 0.409000 0.027000 0.040667
0 0.073000 0.403667 0.017000 0.028667
0 0.055500 0.460333 0.048000 0.066000
0 0.055750 0.507000 0.025500 0.019333
0 0.031500 0.593000 0.058000 0.090000
0 0.040500 0.705667 0.071000 0.070000
0 0.022500 0.761667 0.028000 0.018000
0 0.036750 0.916000 0.060500 0.168000
0 0.119000 0.953667 0.027000 0.059333
0 0.175250 0.943333 0.036500 0.041333
0 0.234000 0.910667 0.027000 0.052000
0 0.134500 0.854333 0.036000 0.019333
0 0.216250 0.750000 0.040500 0.117333
0 0.248250 0.736667 0.017500 0.021333
0 0.240000 0.867667 0.018000 0.015333
0 0.130500 0.737333 0.063000 0.097333
0 0.185250 0.493333 0.092500 0.129333
0 0.162250 0.624333 0.067500 0.084667
0 0.229000 0.580333 0.031000 0.028667
0 0.224500 0.657000 0.027000 0.006000
0 0.138500 0.326000 0.060000 0.112000
0 0.133000 0.183667 0.034000 0.119333
0 0.197750 0.202000 0.055500 0.158667
0 0.174000 0.066333 0.127000 0.094000
0 0.279750 0.156000 0.021500 0.034667
0 0.334500 0.053000 0.090000 0.063333
0 0.348750 0.158333 0.089500 0.079333
0 0.298750 0.260333 0.024500 0.080667
0 0.358000 0.252000 0.065000 0.046667
0 0.380250 0.206667 0.036500 0.016000
0 0.330500 0.299000 0.028000 0.024667
0 0.334500 0.336667 0.031000 0.036000
0 0.403750 0.276000 0.017500 0.025333
0 0.396250 0.327667 0.017500 0.024667
0 0.345000 0.395333 0.112000 0.049333
0 0.392000 0.471000 0.030000 0.078000
0 0.309750 0.487000 0.082500 0.095333
0 0.368750 0.594667 0.094500 0.093333
0 0.291000 0.657333 0.055000 0.065333
0 0.341250 0.739000 0.095500 0.047333
0 0.297000 0.836000 0.050000 0.038667
0 0.369500 0.685667 0.023000 0.016667
0 0.318250 0.957667 0.092500 0.080667
0 0.405500 0.789000 0.013000 0.014000
0 0.506250 0.733667 0.063500 0.068667
0 0.476750 0.857000 0.021500 0.027333
0 0.483750 0.805000 0.015500 0.012667
0 0.553250 0.802333 0.023500 0.027333
0 0.460500 0.570000 0.054000 0.073333
0 0.501000 0.480667 0.096000 0.108000
0 0.496750 0.320000 0.103500 0.170667
0 0.508750 0.206333 0.095500 0.040667
0 0.449500 0.079333 0.028000 0.028000
0 0.428250 0.124333 0.016500 0.022000
0 0.501000 0.060333 0.012000 0.026000
0 0.638500 0.940667 0.058000 0.101333
0 0.713750 0.929667 0.062500 0.123333
0 0.657750 0.787333 0.071500 0.116000
0 0.722250 0.737667 0.044500 0.135333
0 0.656000 0.626000 0.064000 0.109333
0 0.730000 0.578333 0.046000 0.051333
0 0.630000 0.485667 0.043000 0.118000
0 0.693250 0.500333 0.046500 0.048667
0 0.676500 0.269333 0.080000 0.062667
0 0.669250 0.375000 0.024500 0.011333
0 0.713000 0.376000 0.023000 0.030667
0 0.619000 0.147000 0.070000 0.088667
0 0.650750 0.050667 0.079500 0.068000
0 0.768500 0.035000 0.069000 0.056667
0 0.716500 0.082000 0.011000 0.026667
0 0.783000 0.142667 0.082000 0.101333
0 0.773500 0.262000 0.037000 0.030667
0 0.787750 0.388333 0.053500 0.159333
0 0.852750 0.417000 0.034500 0.052667
0 0.797250 0.539333 0.064500 0.098667
0 0.868000 0.708000 0.026000 0.046667
0 0.810500 0.868000 0.062000 0.081333
0 0.832500 0.961000 0.081000 0.048667
0 0.969500 0.957667 0.036000 0.042000
0 0.924500 0.803000 0.035000 0.063333
0 0.969000 0.719667 0.027000 0.030000
0 0.934750 0.616000 0.028500 0.068000
0 0.990000 0.636333 0.020000 0.032667
0 0.961500 0.555333 0.026000 0.030667
0 0.931000 0.494667 0.040000 0.073333
0 0.936500 0.406667 0.052000 0.045333
0 0.990000 0.480333 0.020000 0.030000
0 0.944000 0.256667 0.058000 0.074667
0 0.926500 0.163667 0.037000 0.058000
0 0.918000 0.060667 0.093000 0.070667
0 0.567750 0.944667 0.040500 0.036000
0 0.964500 0.835667 0.031000 0.036667
