0 0.163500 0.025333 0.025000 0.037333
0 0.052750 0.077333 0.039500 0.046667
0 0.107250 0.083333 0.024500 0.024000
0 0.152000 0.137333 0.063000 0.038667
0 0.200250 0.078333 0.029500 0.039333
0 0.193250 0.221333 0.023500 0.060000
0 0.101000 0.235333 0.026000 0.021333
0 0.065000 0.277333 0.018000 0.032000
0 0.111250 0.290000 0.035500 0.030667
0 0.214250 0.287333 0.012500 0.022667
0 0.201250 0.324333 0.008500 0.012667
0 0.085000 0.348667 0.022000 0.024000
0 0.142250 0.325333 0.035500 0.037333
0 0.128250 0.427667 0.057500 0.060667
0 0.078750 0.441000 0.017500 0.019333
0 0.061250 0.594000 0.041500 0.053333
0 0.116250 0.566333 0.015500 0.020667
0 0.138500 0.636000 0.042000 0.048000
0 0.154000 0.542667 0.016000 0.018667
0 0.191250 0.526333 0.028500 0.054000
0 0.190500 0.629000 0.044000 0.074000
0 0.099000 0.713333 0.108000 0.053333
0 0.180500 0.731667 0.044000 0.052667
0 0.210500 0.843000 0.044000 0.110000
0 0.078750 0.860333 0.084500 0.110000
0 0.071250 0.966333 0.044500 0.067333
0 0.145500 0.936667 0.064000 0.061333
0 0.168000 0.853667 0.017000 0.020667
0 0.262500 0.975333 0.021000 0.016000
0 0.302500 0.975333 0.044000 0.026667
0 0.365500 0.948333 0.045000 0.076667
0 0.288000 0.899000 0.028000 0.078000
0 0.330000 0.872000 0.036000 0.025333
0 0.368750 0.847000 0.032500 0.062000
0 0.275000 0.780333 0.045000 0.063333
0 0.313000 0.741000 0.026000 0.022000
0 0.325500 0.780000 0.020000 0.030667
0 0.369000 0.729667 0.038000 0.062000
0 0.366000 0.614000 0.033000 0.033333
0 0.331500 0.579000 0.018000 0.020667
0 0.307500 0.495333 0.046000 0.054667
0 0.278500 0.561000 0.016000 0.024667
0 0.272000 0.436333 0.026000 0.039333
0 0.314000 0.384333 0.018000 0.032667
0 0.345500 0.420000 0.016000 0.037333
0 0.280500 0.270000 0.020000 0.033333
0 0.351000 0.292667 0.033000 0.070667
0 0.291000 0.178333 0.081000 0.139333
0 0.312250 0.053333 0.057500 0.065333
0 0.434500 0.021667 0.027000 0.028667
0 0.438000 0.332333 0.065000 0.046000
0 0.566500 0.037333 0.026000 0.037333
0 0.558750 0.200667 0.011500 0.038667
0 0.424000 0.421000 0.036000 0.066000
0 0.466250 0.383333 0.013500 0.036000
0 0.506250 0.363667 0.018500 0.059333
0 0.487500 0.463667 0.033000 0.030000
0 0.470250 0.515667 0.039500 0.067333
0 0.421250 0.597000 0.052500 0.047333
0 0.478250 0.584667 0.016500 0.040000
0 0.515500 0.766000 0.033000 0.038667
0 0.459750 0.921333 0.091500 0.136000
0 0.419500 0.748667 0.020000 0.110667
0 0.531250 0.892667 0.025500 0.092000
0 0.563500 0.903667 0.021000 0.026000
0 0.613250 0.846667 0.045500 0.085333
0 0.674500 0.847000 0.043000 0.058000
0 0.585250 0.670333 0.037500 0.056667
0 0.644000 0.737333 0.065000 0.054667
0 0.648000 0.523667 0.031000 0.028667
0 0.587500 0.473000 0.052000 0.039333
0 0.681000 0.171667 0.019000 0.023333
0 0.743250 0.051000 0.021500 0.030000
0 0.757750 0.118667 0.032500 0.054667
0 0.694250 0.219667 0.016500 0.022000
0 0.793750 0.442333 0.034500 0.035333
0 0.697750 0.412333 0.015500 0.022000
0 0.720500 0.487333 0.034000 0.050667
0 0.758500 0.937000 0.025000 0.028667
0 0.809000 0.933333 0.024000 0.038667
0 0.746750 0.852333 0.058500 0.042000
0 0.805500 0.816000 0.048000 0.064000
0 0.783750 0.726000 0.050500 0.058667
0 0.723750 0.575000 0.022500 0.019333
0 0.892500 0.858000 0.054000 0.097333
0 0.945500 0.894667 0.019000 0.020000
0 0.878500 0.488000 0.020000 0.029333
0 0.881000 0.388000 0.027000 0.016000
0 0.923250 0.294333 0.035500 0.036667
0 0.892750 0.211667 0.071500 0.079333
0 0.944750 0.120667 0.069500 0.081333
0 0.843000 0.092333 0.025000 0.027333
0 0.945000 0.041000 0.062000 0.042000
0 0.975500 0.382000 0.049000 0.049333
0 0.985250 0.926667 0.011500 0.020000
0 0.973500 0.977667 0.019000 0.018000
