0 0.144375 0.530000 0.033750 0.027500
0 0.210625 0.530000 0.043750 0.027500
0 0.356250 0.527500 0.040000 0.045000
0 0.479375 0.540000 0.056250 0.040000
0 0.391875 0.348125 0.026250 0.043750
0 0.399375 0.234375 0.058750 0.061250
0 0.282500 0.165000 0.032500 0.042500
0 0.421875 0.128750 0.043750 0.025000
0 0.517500 0.262500 0.027500 0.030000
0 0.580000 0.442500 0.052500 0.035000
0 0.545625 0.540000 0.036250 0.020000
0 0.646250 0.760625 0.050000 0.041250
0 0.608750 0.878125 0.032500 0.026250
0 0.699375 0.474375 0.043750 0.031250
0 0.718750 0.313125 0.025000 0.041250
0 0.712500 0.236875 0.030000 0.028750
0 0.858750 0.496250 0.037500 0.032500
0 0.972500 0.418750 0.022500 0.032500
0 0.915000 0.907500 0.092500 0.070000
0 0.938125 0.203750 0.043750 0.050000
0 0.610000 0.196250 0.027500 0.025000
0 0.686875 0.106250 0.026250 0.020000
0 0.745625 0.401875 0.021250 0.028750
