0 0.258750 0.140000 0.050000 0.040000
0 0.233125 0.073125 0.041250 0.068750
0 0.278125 0.856250 0.041250 0.052500
0 0.836875 0.974375 0.038750 0.036250
0 0.871875 0.845625 0.033750 0.041250
0 0.823750 0.499375 0.035000 0.033750
0 0.768125 0.510000 0.026250 0.035000
0 0.605000 0.349375 0.027500 0.013750
0 0.681875 0.203750 0.038750 0.030000
0 0.675000 0.014375 0.022500 0.018750
0 0.735000 0.104375 0.025000 0.041250
0 0.770625 0.021250 0.023750 0.035000
0 0.894375 0.336250 0.021250 0.027500
0 0.916250 0.666875 0.025000 0.016250
0 0.808125 0.286875 0.016250 0.023750
0 0.240625 0.301875 0.023750 0.018750
0 0.256250 0.256250 0.030000 0.030000
0 0.061250 0.291250 0.022500 0.022500
0 0.115000 0.201250 0.035000 0.037500
0 0.030000 0.159375 0.027500 0.021250
0 0.218750 0.207500 0.027500 0.022500
0 0.250000 0.813125 0.032500 0.018750
0 0.573750 0.469375 0.022500 0.033750
0 0.355625 0.014375 0.036250 0.026250
