0 0.015625 0.268750 0.028750 0.057500
0 0.015000 0.186875 0.020000 0.021250
0 0.073125 0.728125 0.046250 0.043750
0 0.066250 0.641250 0.050000 0.045000
0 0.101250 0.441875 0.050000 0.043750
0 0.091250 0.294375 0.040000 0.036250
0 0.217500 0.243125 0.032500 0.028750
0 0.234375 0.176875 0.021250 0.021250
0 0.224375 0.066875 0.038750 0.023750
0 0.181875 0.106250 0.043750 0.037500
0 0.344375 0.091875 0.026250 0.028750
0 0.433750 0.246875 0.032500 0.036250
0 0.492500 0.095625 0.017500 0.038750
0 0.499375 0.368125 0.053750 0.046250
0 0.245000 0.876875 0.062500 0.046250
0 0.385625 0.868750 0.048750 0.042500
0 0.351250 0.971250 0.075000 0.037500
0 0.525625 0.887500 0.043750 0.052500
0 0.720625 0.753750 0.048750 0.027500
0 0.868750 0.609375 0.032500 0.033750
0 0.629375 0.465000 0.073750 0.040000
0 0.561250 0.468125 0.037500 0.021250
0 0.456875 0.315625 0.053750 0.026250
0 0.633125 0.276875 0.036250 0.043750
0 0.950625 0.975000 0.018750 0.030000
0 0.928750 0.823125 0.045000 0.046250
0 0.980625 0.657500 0.038750 0.032500
0 0.923750 0.011250 0.040000 0.020000
0 0.017500 0.735000 0.010000 0.025000
0 0.652500 0.036250 0.025000 0.017500
