0 0.230000 0.020000 0.127500 0.037500
0 0.181250 0.343125 0.137500 0.121250
0 0.213750 0.590625 0.220000 0.186250
0 0.369375 0.363125 0.061250 0.056250
0 0.494375 0.293750 0.133750 0.147500
0 0.576875 0.480000 0.116250 0.192500
0 0.511250 0.749375 0.185000 0.081250
0 0.556875 0.896250 0.123750 0.172500
0 0.084375 0.910625 0.106250 0.071250
0 0.905625 0.911250 0.066250 0.077500
0 0.990625 0.537500 0.018750 0.035000
0 0.987500 0.412500 0.025000 0.020000
0 0.848125 0.061875 0.126250 0.121250
0 0.330625 0.981875 0.063750 0.031250
0 0.014375 0.032500 0.026250 0.050000
