0 0.071250 0.936250 0.042500 0.042500
0 0.023750 0.807500 0.037500 0.030000
0 0.060625 0.750000 0.028750 0.017500
0 0.218750 0.516875 0.037500 0.066250
0 0.143125 0.416875 0.056250 0.028750
0 0.065625 0.396250 0.023750 0.012500
0 0.236875 0.424375 0.051250 0.043750
0 0.223750 0.347500 0.037500 0.012500
0 0.058125 0.209375 0.031250 0.018750
0 0.150000 0.111875 0.057500 0.023750
0 0.170625 0.211250 0.063750 0.027500
0 0.603750 0.708750 0.077500 0.052500
0 0.408750 0.545625 0.030000 0.031250
0 0.457500 0.523125 0.037500 0.031250
0 0.470000 0.424375 0.030000 0.028750
0 0.505000 0.473750 0.030000 0.025000
0 0.630625 0.546875 0.021250 0.028750
0 0.593750 0.430625 0.037500 0.036250
0 0.567500 0.258750 0.067500 0.057500
0 0.378125 0.235000 0.046250 0.025000
0 0.481875 0.094375 0.041250 0.046250
0 0.536875 0.028125 0.021250 0.026250
0 0.806250 0.901250 0.047500 0.035000
0 0.861250 0.790625 0.037500 0.068750
0 0.971250 0.754375 0.047500 0.058750
0 0.978750 0.979375 0.030000 0.041250
0 0.838125 0.390000 0.026250 0.032500
0 0.754375 0.016250 0.028750 0.017500
