0 0.106875 0.219167 0.033750 0.061667
0 0.165000 0.022500 0.030000 0.025000
0 0.011875 0.287500 0.021250 0.051667
0 0.018750 0.166667 0.017500 0.030000
0 0.016875 0.703333 0.031250 0.043333
0 0.060625 0.753333 0.031250 0.040000
0 0.146875 0.744167 0.041250 0.045000
0 0.105000 0.685000 0.027500 0.023333
0 0.187500 0.353333 0.017500 0.026667
0 0.145000 0.605833 0.022500 0.021667
0 0.103125 0.990000 0.026250 0.020000
0 0.235625 0.705000 0.031250 0.020000
0 0.245625 0.540000 0.026250 0.020000
0 0.324375 0.980000 0.023750 0.026667
0 0.149375 0.883333 0.023750 0.020000
0 0.404375 0.977500 0.048750 0.045000
0 0.537500 0.986667 0.020000 0.026667
0 0.599375 0.941667 0.053750 0.106667
0 0.446875 0.830833 0.061250 0.061667
0 0.526875 0.683333 0.091250 0.126667
0 0.389375 0.519167 0.058750 0.048333
0 0.591250 0.412500 0.037500 0.041667
0 0.616250 0.496667 0.035000 0.036667
0 0.400000 0.327500 0.072500 0.075000
0 0.575625 0.191667 0.038750 0.056667
0 0.426875 0.081667 0.051250 0.060000
0 0.743125 0.088333 0.046250 0.060000
0 0.806250 0.217500 0.050000 0.078333
0 0.866875 0.172500 0.058750 0.081667
0 0.890625 0.069167 0.038750 0.041667
0 0.666875 0.024167 0.036250 0.028333
0 0.766875 0.013333 0.028750 0.023333
0 0.771875 0.403333 0.093750 0.066667
0 0.797500 0.560000 0.067500 0.050000
0 0.684375 0.871667 0.051250 0.036667
0 0.646875 0.686667 0.026250 0.020000
0 0.565625 0.563333 0.038750 0.040000
0 0.396250 0.913333 0.032500 0.026667
0 0.378750 0.704167 0.017500 0.031667
0 0.779375 0.975833 0.026250 0.028333
0 0.693750 0.958333 0.030000 0.033333
0 0.901875 0.977500 0.053750 0.045000
0 0.963125 0.973333 0.031250 0.053333
0 0.951250 0.845833 0.035000 0.045000
0 0.958750 0.718333 0.030000 0.033333
0 0.953125 0.655000 0.023750 0.040000
0 0.983750 0.554167 0.032500 0.088333
0 0.889375 0.290000 0.063750 0.086667
0 0.983125 0.282500 0.033750 0.101667
0 0.931875 0.154167 0.028750 0.035000
0 0.571250 0.128333 0.025000 0.020000
0 0.533125 0.330000 0.023750 0.023333
0 0.274375 0.928333 0.023750 0.026667
0 0.248750 0.870000 0.020000 0.016667
