0 0.097500 0.490833 0.030000 0.048333
0 0.160000 0.654167 0.030000 0.045000
0 0.198125 0.966667 0.053750 0.056667
0 0.307500 0.454167 0.042500 0.081667
0 0.404375 0.404167 0.021250 0.035000
0 0.481875 0.419167 0.046250 0.051667
0 0.683125 0.759167 0.031250 0.035000
0 0.604375 0.796667 0.021250 0.023333
0 0.665625 0.165833 0.033750 0.045000
0 0.710000 0.201667 0.042500 0.033333
0 0.508125 0.167500 0.031250 0.031667
0 0.732500 0.024167 0.032500 0.045000
0 0.751250 0.494167 0.032500 0.058333
0 0.900625 0.778333 0.018750 0.063333
0 0.873125 0.554167 0.061250 0.048333
0 0.573125 0.927500 0.021250 0.021667
0 0.440000 0.864167 0.070000 0.031667
0 0.495625 0.597500 0.018750 0.025000
