0 0.078750 0.128750 0.042500 0.050000
0 0.179375 0.010000 0.028750 0.017500
0 0.149375 0.323750 0.033750 0.035000
0 0.136875 0.443125 0.028750 0.051250
0 0.008125 0.376250 0.013750 0.030000
0 0.204375 0.631875 0.036250 0.046250
0 0.154375 0.678125 0.046250 0.053750
0 0.212500 0.726250 0.027500 0.035000
0 0.246875 0.676250 0.021250 0.015000
0 0.229375 0.865000 0.043750 0.050000
0 0.289375 0.906875 0.018750 0.031250
0 0.369375 0.893125 0.033750 0.046250
0 0.362500 0.944375 0.032500 0.026250
0 0.424375 0.525000 0.043750 0.050000
0 0.481250 0.517500 0.050000 0.070000
0 0.486875 0.594375 0.038750 0.023750
0 0.629375 0.626250 0.051250 0.055000
0 0.621250 0.837500 0.052500 0.037500
0 0.682500 0.966250 0.057500 0.035000
0 0.595000 0.553125 0.045000 0.031250
0 0.453125 0.456875 0.048750 0.028750
0 0.685625 0.418750 0.106250 0.080000
0 0.461875 0.375000 0.026250 0.027500
0 0.437500 0.333750 0.057500 0.045000
0 0.291875 0.188750 0.031250 0.040000
0 0.349375 0.159375 0.041250 0.053750
0 0.447500 0.266250 0.032500 0.035000
0 0.503750 0.318125 0.030000 0.021250
0 0.587500 0.321875 0.087500 0.158750
0 0.694375 0.341875 0.058750 0.063750
0 0.681875 0.265625 0.038750 0.023750
0 0.595000 0.215000 0.047500 0.045000
0 0.688125 0.201875 0.048750 0.031250
0 0.519375 0.156250 0.041250 0.067500
0 0.444375 0.115625 0.078750 0.068750
0 0.456875 0.021250 0.036250 0.040000
0 0.545000 0.058750 0.035000 0.055000
0 0.555625 0.014375 0.048750 0.026250
0 0.631250 0.048125 0.022500 0.031250
0 0.715625 0.038125 0.048750 0.041250
0 0.818750 0.235625 0.037500 0.046250
0 0.793125 0.362500 0.053750 0.077500
0 0.827500 0.175625 0.070000 0.053750
0 0.762500 0.164375 0.020000 0.023750
0 0.803125 0.109375 0.033750 0.036250
0 0.836250 0.050000 0.065000 0.067500
0 0.978125 0.220000 0.038750 0.130000
0 0.870000 0.598750 0.037500 0.037500
0 0.888750 0.932500 0.065000 0.115000
0 0.968125 0.901875 0.023750 0.033750
0 0.833125 0.901875 0.026250 0.026250
0 0.793125 0.825625 0.033750 0.033750
0 0.865625 0.831875 0.026250 0.038750
0 0.663750 0.875000 0.025000 0.015000
0 0.764375 0.691875 0.028750 0.018750
0 0.834375 0.795000 0.026250 0.025000
0 0.808125 0.553750 0.028750 0.022500
0 0.763750 0.562500 0.030000 0.025000
0 0.853750 0.510000 0.027500 0.027500
0 0.967500 0.402500 0.015000 0.035000
0 0.826875 0.435625 0.028750 0.021250
0 0.339375 0.385625 0.036250 0.038750
0 0.269375 0.115625 0.033750 0.031250
0 0.031875 0.281250 0.041250 0.042500
0 0.015000 0.224375 0.027500 0.013750
