0 0.055625 0.125625 0.028750 0.028750
0 0.036250 0.358125 0.035000 0.038750
0 0.070000 0.467500 0.077500 0.102500
0 0.102500 0.658125 0.065000 0.053750
0 0.139375 0.740625 0.028750 0.031250
0 0.208750 0.493750 0.042500 0.035000
0 0.235625 0.435625 0.033750 0.073750
0 0.216875 0.085000 0.058750 0.057500
0 0.267500 0.200625 0.030000 0.041250
0 0.296875 0.949375 0.041250 0.048750
0 0.238125 0.666875 0.033750 0.056250
0 0.246250 0.576250 0.027500 0.035000
0 0.389375 0.178125 0.086250 0.051250
0 0.480625 0.160000 0.048750 0.045000
0 0.481250 0.209375 0.050000 0.033750
0 0.397500 0.318125 0.082500 0.063750
0 0.374375 0.433750 0.123750 0.097500
0 0.519375 0.396250 0.043750 0.072500
0 0.393125 0.518750 0.058750 0.042500
0 0.470625 0.610000 0.158750 0.082500
0 0.514375 0.719375 0.078750 0.098750
0 0.581250 0.675000 0.045000 0.065000
0 0.593750 0.774375 0.050000 0.066250
0 0.536250 0.841875 0.030000 0.036250
0 0.543125 0.926875 0.041250 0.073750
0 0.591250 0.959375 0.037500 0.081250
0 0.693125 0.969375 0.046250 0.058750
0 0.819375 0.030625 0.063750 0.058750
0 0.707500 0.130000 0.085000 0.075000
0 0.805000 0.625625 0.045000 0.043750
0 0.873125 0.710625 0.048750 0.116250
0 0.936875 0.963125 0.053750 0.066250
0 0.692500 0.680000 0.060000 0.077500
0 0.680625 0.584375 0.053750 0.063750
0 0.725625 0.516875 0.033750 0.051250
0 0.894375 0.515625 0.081250 0.081250
0 0.662500 0.448750 0.040000 0.030000
0 0.821875 0.179375 0.046250 0.033750
0 0.225000 0.899375 0.022500 0.028750
0 0.568750 0.525625 0.027500 0.026250
0 0.556875 0.473750 0.028750 0.055000
0 0.181250 0.576250 0.057500 0.030000
0 0.185000 0.636875 0.037500 0.038750
0 0.106875 0.325625 0.036250 0.036250
0 0.816250 0.386250 0.027500 0.037500
0 0.938750 0.305000 0.037500 0.035000
0 0.963750 0.884375 0.032500 0.033750
0 0.273125 0.730000 0.026250 0.025000
