0 0.021250 0.048750 0.040000 0.042500
0 0.094375 0.027500 0.038750 0.042500
0 0.131250 0.283125 0.042500 0.033750
0 0.014375 0.288750 0.023750 0.032500
0 0.127500 0.591250 0.027500 0.017500
0 0.085000 0.407500 0.025000 0.037500
0 0.074375 0.743125 0.058750 0.043750
0 0.018125 0.780000 0.021250 0.025000
0 0.079375 0.835000 0.046250 0.040000
0 0.050000 0.890000 0.017500 0.025000
0 0.091875 0.921875 0.028750 0.021250
0 0.182500 0.794375 0.017500 0.031250
0 0.523125 0.576875 0.051250 0.031250
0 0.508125 0.500000 0.056250 0.045000
0 0.570000 0.213125 0.087500 0.053750
0 0.538125 0.326875 0.026250 0.038750
0 0.598750 0.298125 0.042500 0.043750
0 0.680000 0.268125 0.062500 0.073750
0 0.698750 0.440625 0.025000 0.018750
0 0.703750 0.345625 0.032500 0.028750
0 0.750000 0.235000 0.037500 0.022500
0 0.832500 0.243125 0.015000 0.023750
0 0.648125 0.080000 0.093750 0.065000
0 0.531250 0.041875 0.025000 0.038750
0 0.671250 0.906250 0.025000 0.030000
0 0.751250 0.941875 0.035000 0.026250
0 0.689375 0.828750 0.016250 0.020000
0 0.779375 0.806250 0.023750 0.032500
0 0.750625 0.863750 0.016250 0.020000
0 0.907500 0.772500 0.097500 0.047500
0 0.863125 0.821250 0.016250 0.017500
0 0.871250 0.966250 0.035000 0.037500
0 0.903125 0.240000 0.041250 0.020000
0 0.654375 0.200625 0.028750 0.031250
0 0.696250 0.591875 0.022500 0.016250
0 0.485625 0.131875 0.028750 0.021250
0 0.411250 0.736875 0.030000 0.026250
0 0.426250 0.985000 0.040000 0.030000
0 0.684375 0.691250 0.023750 0.030000
0 0.365000 0.993750 0.022500 0.012500
0 0.984375 0.582500 0.021250 0.025000
0 0.970000 0.658125 0.027500 0.031250
