0 0.145625 0.487500 0.043750 0.065000
0 0.116250 0.233333 0.027500 0.030000
0 0.353750 0.666667 0.040000 0.040000
0 0.471875 0.671667 0.056250 0.106667
0 0.387500 0.986667 0.022500 0.026667
0 0.370000 0.892500 0.027500 0.038333
0 0.406250 0.851667 0.027500 0.030000
0 0.456250 0.538333 0.040000 0.036667
0 0.318125 0.360000 0.031250 0.023333
0 0.338125 0.285000 0.043750 0.026667
0 0.509375 0.109167 0.041250 0.041667
0 0.370625 0.061667 0.023750 0.023333
0 0.657500 0.822500 0.032500 0.068333
0 0.682500 0.510000 0.030000 0.030000
0 0.728125 0.220000 0.023750 0.026667
0 0.792500 0.269167 0.030000 0.038333
0 0.816875 0.210833 0.048750 0.048333
0 0.841875 0.153333 0.031250 0.030000
