0 0.229375 0.461250 0.058750 0.037500
0 0.123750 0.067500 0.040000 0.035000
0 0.271250 0.648750 0.047500 0.052500
0 0.488125 0.766250 0.118750 0.080000
0 0.093125 0.635000 0.031250 0.035000
0 0.666250 0.950000 0.035000 0.045000
0 0.538125 0.958125 0.061250 0.058750
0 0.594375 0.496250 0.018750 0.017500
0 0.620000 0.593750 0.050000 0.027500
0 0.419375 0.313750 0.043750 0.040000
0 0.403750 0.231250 0.045000 0.040000
0 0.682500 0.261250 0.025000 0.035000
0 0.831250 0.307500 0.037500 0.037500
0 0.856875 0.569375 0.033750 0.033750
0 0.940000 0.920000 0.070000 0.057500
0 0.972500 0.219375 0.042500 0.033750
0 0.828125 0.078750 0.031250 0.035000
0 0.950625 0.113750 0.093750 0.060000
0 0.893750 0.040625 0.025000 0.026250
