0 0.176250 0.119375 0.047500 0.021250
0 0.230625 0.436250 0.041250 0.042500
0 0.107500 0.940000 0.052500 0.060000
0 0.024375 0.516250 0.031250 0.022500
0 0.468125 0.947500 0.053750 0.050000
0 0.469375 0.602500 0.031250 0.075000
0 0.576250 0.590000 0.042500 0.035000
0 0.679375 0.015000 0.041250 0.027500
0 0.763125 0.050625 0.043750 0.061250
0 0.818125 0.009375 0.028750 0.016250
0 0.752500 0.903125 0.042500 0.048750
0 0.975000 0.626875 0.050000 0.061250
0 0.898750 0.646875 0.035000 0.033750
0 0.984375 0.975000 0.031250 0.047500
0 0.875625 0.757500 0.048750 0.042500
0 0.891875 0.522500 0.033750 0.035000
0 0.975625 0.050625 0.046250 0.063750
0 0.126250 0.215625 0.032500 0.018750
0 0.270625 0.316875 0.028750 0.033750
0 0.776250 0.192500 0.030000 0.030000
