0 0.158125 0.075625 0.043750 0.048750
0 0.301875 0.858125 0.023750 0.043750
0 0.493750 0.779375 0.075000 0.041250
0 0.586250 0.363125 0.040000 0.031250
0 0.531250 0.157500 0.055000 0.037500
0 0.768750 0.093125 0.047500 0.041250
0 0.765000 0.223125 0.047500 0.056250
0 0.793125 0.394375 0.031250 0.036250
0 0.888750 0.472500 0.055000 0.040000
0 0.955625 0.445625 0.016250 0.023750
0 0.821250 0.662500 0.040000 0.035000
0 0.874375 0.574375 0.031250 0.036250
0 0.953750 0.891250 0.035000 0.035000
0 0.850000 0.979375 0.037500 0.026250
0 0.546875 0.683750 0.023750 0.015000
0 0.141875 0.581250 0.031250 0.025000
0 0.461875 0.936250 0.023750 0.025000
