0 0.028750 0.877500 0.047500 0.040000
0 0.158750 0.879375 0.050000 0.033750
0 0.278125 0.790625 0.043750 0.038750
0 0.194375 0.791875 0.051250 0.026250
0 0.348750 0.105000 0.035000 0.052500
0 0.508750 0.881875 0.057500 0.051250
0 0.498750 0.453750 0.032500 0.027500
0 0.771250 0.957500 0.040000 0.035000
0 0.312500 0.673125 0.037500 0.031250
0 0.831875 0.803125 0.036250 0.038750
0 0.868750 0.669375 0.042500 0.026250
0 0.058125 0.550000 0.028750 0.015000
0 0.572500 0.631250 0.022500 0.032500
0 0.470625 0.548750 0.018750 0.032500
0 0.366250 0.795000 0.042500 0.032500
