0 0.033750 0.146667 0.030000 0.040000
0 0.091250 0.122500 0.040000 0.048333
0 0.085000 0.852500 0.085000 0.065000
0 0.355000 0.791667 0.095000 0.083333
0 0.451250 0.774167 0.017500 0.038333
0 0.373125 0.492500 0.041250 0.055000
0 0.281250 0.354167 0.030000 0.051667
0 0.342500 0.381667 0.035000 0.033333
0 0.305000 0.150833 0.042500 0.038333
0 0.614375 0.365833 0.046250 0.095000
0 0.676250 0.363333 0.020000 0.030000
0 0.545625 0.060000 0.033750 0.070000
0 0.643125 0.055000 0.026250 0.066667
0 0.664375 0.858333 0.038750 0.053333
0 0.677500 0.715000 0.017500 0.020000
0 0.819375 0.951667 0.026250 0.096667
0 0.937500 0.685000 0.040000 0.073333
0 0.915625 0.625833 0.033750 0.028333
0 0.960000 0.895833 0.017500 0.021667
0 0.992500 0.765000 0.015000 0.033333
0 0.993750 0.633333 0.012500 0.023333
0 0.788750 0.805833 0.037500 0.035000
0 0.785625 0.622500 0.033750 0.065000
0 0.779375 0.453333 0.023750 0.036667
0 0.823750 0.534167 0.042500 0.041667
0 0.831875 0.025000 0.033750 0.033333
0 0.768125 0.140833 0.043750 0.111667
0 0.708125 0.153333 0.026250 0.043333
0 0.103125 0.532500 0.028750 0.025000
