0 0.048125 0.935000 0.051250 0.063333
0 0.175000 0.984167 0.040000 0.028333
0 0.348125 0.724167 0.058750 0.045000
0 0.294375 0.626667 0.056250 0.076667
0 0.158125 0.587500 0.041250 0.065000
0 0.086250 0.718333 0.032500 0.026667
0 0.165625 0.316667 0.048750 0.036667
0 0.252500 0.288333 0.035000 0.020000
0 0.078125 0.429167 0.023750 0.041667
0 0.085625 0.151667 0.031250 0.040000
0 0.348750 0.143333 0.037500 0.026667
0 0.270625 0.044167 0.038750 0.051667
0 0.146875 0.029167 0.041250 0.038333
0 0.288750 0.375833 0.035000 0.035000
0 0.091250 0.072500 0.035000 0.031667
0 0.505625 0.698333 0.026250 0.053333
0 0.423125 0.860000 0.033750 0.036667
0 0.621250 0.882500 0.022500 0.028333
0 0.631875 0.432500 0.051250 0.051667
0 0.630000 0.295833 0.022500 0.035000
0 0.455000 0.227500 0.052500 0.058333
0 0.733125 0.838333 0.026250 0.040000
0 0.795625 0.983333 0.046250 0.033333
0 0.824375 0.855833 0.031250 0.065000
0 0.875625 0.728333 0.031250 0.040000
0 0.773750 0.654167 0.030000 0.035000
0 0.726875 0.545000 0.031250 0.040000
0 0.825625 0.545833 0.031250 0.048333
0 0.877500 0.499167 0.060000 0.088333
0 0.943750 0.551667 0.040000 0.053333
0 0.858750 0.162500 0.035000 0.058333
0 0.923125 0.145000 0.056250 0.056667
0 0.610000 0.045833 0.042500 0.061667
0 0.659375 0.092500 0.023750 0.015000
0 0.484375 0.909167 0.013750 0.021667
0 0.152500 0.845833 0.020000 0.025000
