0 0.446875 0.791875 0.063750 0.048750
0 0.415625 0.736250 0.031250 0.040000
0 0.621875 0.781875 0.073750 0.053750
0 0.054375 0.902500 0.043750 0.052500
0 0.203125 0.195625 0.033750 0.046250
0 0.463125 0.358750 0.051250 0.055000
0 0.357500 0.346250 0.030000 0.040000
0 0.407500 0.254375 0.060000 0.046250
0 0.445000 0.429375 0.032500 0.036250
0 0.635000 0.440625 0.042500 0.048750
0 0.715000 0.501875 0.027500 0.038750
0 0.631250 0.273750 0.037500 0.045000
0 0.927500 0.547500 0.087500 0.092500
0 0.976250 0.392500 0.035000 0.072500
0 0.978125 0.096250 0.036250 0.047500
0 0.971875 0.706875 0.056250 0.048750
0 0.808750 0.885625 0.042500 0.036250
0 0.736875 0.860000 0.041250 0.045000
