0 0.055625 0.406875 0.028750 0.036250
0 0.095625 0.555000 0.038750 0.015000
0 0.136875 0.828125 0.033750 0.036250
0 0.234375 0.681875 0.048750 0.031250
0 0.191875 0.790625 0.028750 0.021250
0 0.098125 0.451875 0.028750 0.018750
0 0.039375 0.350000 0.033750 0.047500
0 0.158125 0.295625 0.026250 0.026250
0 0.220625 0.191875 0.071250 0.056250
0 0.040625 0.146250 0.023750 0.020000
0 0.208125 0.120000 0.026250 0.010000
0 0.166875 0.168125 0.041250 0.021250
0 0.458750 0.897500 0.045000 0.032500
0 0.495625 0.860625 0.036250 0.021250
0 0.550000 0.864375 0.042500 0.038750
0 0.630000 0.839375 0.042500 0.033750
0 0.602500 0.587500 0.047500 0.052500
0 0.691250 0.611875 0.050000 0.033750
0 0.378125 0.573125 0.028750 0.028750
0 0.674375 0.498125 0.043750 0.046250
0 0.398125 0.336250 0.026250 0.040000
0 0.618750 0.362500 0.022500 0.035000
0 0.626250 0.225000 0.042500 0.042500
0 0.659375 0.176875 0.048750 0.041250
0 0.510000 0.276250 0.052500 0.025000
0 0.511875 0.402500 0.021250 0.015000
0 0.391250 0.252500 0.032500 0.017500
0 0.430625 0.202500 0.048750 0.035000
0 0.963125 0.771250 0.041250 0.055000
0 0.824375 0.562500 0.033750 0.042500
0 0.816250 0.398125 0.040000 0.036250
0 0.786875 0.229375 0.053750 0.028750
0 0.960625 0.310000 0.078750 0.087500
0 0.855000 0.061250 0.022500 0.022500
