0 0.023750 0.085625 0.045000 0.061250
0 0.122500 0.055000 0.047500 0.045000
0 0.200000 0.054375 0.060000 0.046250
0 0.058125 0.348125 0.056250 0.066250
0 0.140625 0.500000 0.071250 0.055000
0 0.113125 0.601875 0.088750 0.131250
0 0.210625 0.814375 0.036250 0.063750
0 0.154375 0.965000 0.116250 0.070000
0 0.448125 0.863750 0.078750 0.045000
0 0.560000 0.599375 0.055000 0.053750
0 0.570625 0.431875 0.066250 0.068750
0 0.703125 0.348125 0.096250 0.071250
0 0.671875 0.433750 0.043750 0.037500
0 0.396250 0.204375 0.040000 0.046250
0 0.707500 0.775625 0.052500 0.143750
0 0.768750 0.789375 0.045000 0.063750
0 0.740000 0.971875 0.062500 0.056250
0 0.909375 0.892500 0.033750 0.040000
0 0.353750 0.139375 0.055000 0.046250
0 0.306250 0.478750 0.025000 0.030000
0 0.357500 0.481250 0.040000 0.022500
0 0.748125 0.065000 0.058750 0.052500
0 0.740625 0.161875 0.058750 0.048750
0 0.786250 0.687500 0.032500 0.045000
0 0.823750 0.923750 0.025000 0.022500
0 0.078750 0.186875 0.052500 0.021250
0 0.030625 0.010625 0.058750 0.018750
0 0.271875 0.900000 0.033750 0.025000
0 0.238750 0.716875 0.030000 0.018750
0 0.336250 0.286250 0.055000 0.037500
0 0.371875 0.085625 0.026250 0.036250
0 0.280000 0.065000 0.022500 0.025000
0 0.396250 0.983125 0.025000 0.023750
0 0.651250 0.596250 0.020000 0.025000
0 0.778750 0.552500 0.022500 0.015000
