0 0.035000 0.070625 0.040000 0.036250
0 0.021250 0.223750 0.040000 0.042500
0 0.047500 0.276250 0.032500 0.025000
0 0.076875 0.461250 0.026250 0.025000
0 0.076250 0.338750 0.042500 0.032500
0 0.038750 0.380000 0.025000 0.022500
0 0.117500 0.331875 0.027500 0.018750
0 0.133750 0.891250 0.035000 0.025000
0 0.190625 0.813750 0.041250 0.017500
0 0.256875 0.771250 0.043750 0.030000
0 0.388125 0.938750 0.056250 0.055000
0 0.404375 0.863125 0.051250 0.036250
0 0.538125 0.898750 0.031250 0.022500
0 0.500000 0.823750 0.070000 0.077500
0 0.350000 0.802500 0.032500 0.032500
0 0.552500 0.741250 0.060000 0.040000
0 0.485625 0.680625 0.043750 0.056250
0 0.390000 0.609375 0.037500 0.053750
0 0.316875 0.626250 0.038750 0.030000
0 0.248125 0.547500 0.026250 0.035000
0 0.322500 0.564375 0.040000 0.043750
0 0.412500 0.503125 0.030000 0.066250
0 0.430000 0.565000 0.047500 0.030000
0 0.533125 0.546250 0.053750 0.030000
0 0.464375 0.452500 0.046250 0.032500
0 0.316250 0.474375 0.047500 0.023750
0 0.443750 0.405000 0.035000 0.027500
0 0.291250 0.393125 0.045000 0.018750
0 0.321250 0.235000 0.080000 0.075000
0 0.246250 0.295625 0.042500 0.023750
0 0.471875 0.326250 0.038750 0.030000
0 0.460625 0.232500 0.031250 0.027500
0 0.515000 0.261875 0.037500 0.036250
0 0.501875 0.196875 0.058750 0.056250
0 0.494375 0.120625 0.046250 0.023750
0 0.337500 0.104375 0.055000 0.073750
0 0.245000 0.040625 0.037500 0.058750
0 0.348125 0.009375 0.026250 0.016250
0 0.672500 0.950000 0.047500 0.030000
0 0.827500 0.952500 0.107500 0.095000
0 0.954375 0.895000 0.038750 0.037500
0 0.723125 0.881875 0.081250 0.046250
0 0.814375 0.835000 0.043750 0.055000
0 0.732500 0.827500 0.030000 0.035000
0 0.692500 0.753125 0.067500 0.063750
0 0.625000 0.751250 0.025000 0.017500
0 0.860625 0.711250 0.068750 0.055000
0 0.945625 0.657500 0.028750 0.025000
0 0.828750 0.554375 0.017500 0.033750
0 0.929375 0.561875 0.031250 0.043750
0 0.713750 0.640000 0.050000 0.067500
0 0.903750 0.432500 0.040000 0.025000
0 0.851250 0.375625 0.022500 0.016250
0 0.786250 0.294375 0.020000 0.031250
0 0.628750 0.276250 0.050000 0.050000
0 0.754375 0.240000 0.041250 0.040000
0 0.616875 0.065000 0.051250 0.052500
0 0.689375 0.093750 0.038750 0.025000
0 0.801875 0.053125 0.051250 0.031250
0 0.815625 0.113125 0.053750 0.033750
0 0.846250 0.173750 0.057500 0.042500
0 0.472500 0.988125 0.037500 0.023750
0 0.744375 0.126250 0.021250 0.027500
0 0.574375 0.461875 0.026250 0.018750
0 0.196875 0.240000 0.026250 0.030000
0 0.622500 0.902500 0.025000 0.030000
0 0.396875 0.751875 0.033750 0.031250
0 0.662500 0.914375 0.012500 0.021250
0 0.818750 0.615000 0.027500 0.022500
