0 0.131250 0.399375 0.040000 0.041250
0 0.167500 0.573750 0.035000 0.042500
0 0.424375 0.598750 0.038750 0.020000
0 0.476875 0.958750 0.081250 0.067500
0 0.402500 0.838750 0.025000 0.022500
0 0.299375 0.963125 0.036250 0.043750
0 0.476250 0.049375 0.027500 0.028750
0 0.728125 0.256250 0.046250 0.027500
0 0.788125 0.315000 0.043750 0.027500
0 0.711875 0.651875 0.048750 0.038750
0 0.858750 0.636250 0.045000 0.032500
0 0.981250 0.578750 0.035000 0.052500
0 0.858750 0.223750 0.040000 0.030000
0 0.800625 0.858750 0.033750 0.035000
0 0.985625 0.677500 0.026250 0.020000
0 0.925000 0.506250 0.030000 0.030000
0 0.330625 0.041875 0.033750 0.028750
0 0.605625 0.675625 0.031250 0.033750
0 0.583750 0.531250 0.032500 0.015000
