0 0.158750 0.296250 0.037500 0.040000
0 0.029375 0.603750 0.048750 0.072500
0 0.037500 0.865625 0.040000 0.041250
0 0.074375 0.962500 0.031250 0.022500
0 0.120625 0.129375 0.086250 0.036250
0 0.423125 0.134375 0.043750 0.033750
0 0.480000 0.413125 0.100000 0.058750
0 0.555625 0.644375 0.071250 0.058750
0 0.345625 0.659375 0.036250 0.031250
0 0.416875 0.941250 0.036250 0.030000
0 0.821250 0.764375 0.045000 0.043750
0 0.955000 0.845625 0.022500 0.046250
0 0.878125 0.943125 0.038750 0.018750
0 0.915625 0.203125 0.068750 0.056250
0 0.885000 0.422500 0.047500 0.027500
0 0.591875 0.173125 0.033750 0.038750
0 0.668750 0.116250 0.047500 0.027500
0 0.593750 0.061250 0.037500 0.022500
0 0.586250 0.122500 0.022500 0.027500
0 0.820000 0.017500 0.032500 0.032500
0 0.986250 0.051875 0.027500 0.086250
0 0.741250 0.592500 0.025000 0.025000
