0 0.261250 0.193333 0.037500 0.060000
0 0.048125 0.239167 0.023750 0.025000
0 0.098125 0.565000 0.031250 0.040000
0 0.195000 0.538333 0.035000 0.026667
0 0.170000 0.662500 0.047500 0.048333
0 0.070000 0.681667 0.055000 0.050000
0 0.020000 0.766667 0.037500 0.050000
0 0.049375 0.877500 0.053750 0.045000
0 0.343750 0.775000 0.027500 0.076667
0 0.311250 0.669167 0.022500 0.035000
0 0.379375 0.613333 0.028750 0.023333
0 0.343125 0.032500 0.033750 0.061667
0 0.329375 0.297500 0.016250 0.031667
0 0.501875 0.442500 0.041250 0.048333
0 0.453125 0.440000 0.018750 0.020000
0 0.466250 0.660000 0.037500 0.046667
0 0.585625 0.705000 0.026250 0.026667
0 0.455625 0.802500 0.043750 0.038333
0 0.468750 0.889167 0.020000 0.038333
0 0.686250 0.794167 0.045000 0.045000
0 0.734375 0.530833 0.033750 0.041667
0 0.830000 0.359167 0.055000 0.091667
0 0.926875 0.828333 0.041250 0.066667
0 0.922500 0.960000 0.040000 0.066667
0 0.983750 0.688333 0.032500 0.023333
0 0.907500 0.507500 0.075000 0.081667
0 0.978750 0.441667 0.040000 0.096667
0 0.925625 0.340833 0.048750 0.045000
0 0.929375 0.025833 0.036250 0.048333
0 0.734375 0.026667 0.023750 0.030000
0 0.810625 0.850000 0.016250 0.026667
0 0.652500 0.916667 0.017500 0.033333
