0 0.366875 0.061250 0.033750 0.022500
0 0.388125 0.136250 0.026250 0.015000
0 0.313750 0.205000 0.047500 0.037500
0 0.006875 0.016250 0.011250 0.022500
0 0.388750 0.396250 0.040000 0.035000
0 0.479375 0.437500 0.043750 0.042500
0 0.256250 0.431875 0.045000 0.041250
0 0.216250 0.535625 0.032500 0.031250
0 0.391875 0.610625 0.033750 0.038750
0 0.425625 0.782500 0.041250 0.030000
0 0.444375 0.708750 0.033750 0.025000
0 0.789375 0.303125 0.048750 0.046250
0 0.765000 0.847500 0.040000 0.040000
0 0.783750 0.773750 0.032500 0.027500
0 0.843125 0.528750 0.013750 0.017500
0 0.930000 0.275000 0.052500 0.042500
0 0.853125 0.243125 0.028750 0.041250
0 0.580000 0.783125 0.025000 0.033750
0 0.675625 0.865000 0.031250 0.025000
0 0.575625 0.045625 0.008750 0.013750
