0 0.170000 0.068750 0.062500 0.060000
0 0.142500 0.576875 0.047500 0.026250
0 0.122500 0.401875 0.047500 0.021250
0 0.294375 0.856875 0.053750 0.043750
0 0.272500 0.940625 0.030000 0.036250
0 0.494375 0.780625 0.058750 0.048750
0 0.474375 0.933750 0.048750 0.027500
0 0.543750 0.674375 0.032500 0.033750
0 0.585000 0.358125 0.052500 0.028750
0 0.528750 0.145000 0.055000 0.052500
0 0.771250 0.083125 0.040000 0.041250
0 0.760000 0.218750 0.045000 0.025000
0 0.808750 0.401250 0.037500 0.027500
0 0.785625 0.466250 0.023750 0.035000
0 0.823750 0.668125 0.032500 0.041250
0 0.874375 0.568750 0.053750 0.035000
0 0.874375 0.480000 0.031250 0.020000
0 0.907500 0.452500 0.040000 0.037500
0 0.954375 0.436875 0.031250 0.023750
0 0.966250 0.612500 0.027500 0.015000
0 0.949375 0.880000 0.023750 0.055000
0 0.846875 0.970625 0.033750 0.033750
