0 0.055625 0.129375 0.043750 0.038750
0 0.060625 0.373750 0.038750 0.035000
0 0.097500 0.311250 0.042500 0.030000
0 0.380625 0.273750 0.041250 0.030000
0 0.284375 0.384375 0.028750 0.026250
0 0.462500 0.010625 0.047500 0.018750
0 0.859375 0.013750 0.046250 0.017500
0 0.962500 0.543125 0.052500 0.051250
0 0.724375 0.952500 0.018750 0.030000
0 0.853125 0.910625 0.051250 0.043750
0 0.690000 0.059375 0.032500 0.026250
0 0.063125 0.192500 0.018750 0.020000
0 0.573750 0.779375 0.037500 0.018750
0 0.510625 0.628750 0.043750 0.015000
0 0.520000 0.695625 0.025000 0.018750
0 0.221250 0.800000 0.020000 0.022500
0 0.547500 0.138750 0.030000 0.022500
