0 0.163125 0.100000 0.086250 0.083333
0 0.088125 0.410000 0.043750 0.070000
0 0.176875 0.187500 0.028750 0.031667
0 0.164375 0.248333 0.023750 0.033333
0 0.249375 0.543333 0.028750 0.043333
0 0.321875 0.474167 0.048750 0.068333
0 0.020000 0.676667 0.037500 0.080000
0 0.058125 0.772500 0.061250 0.041667
0 0.037500 0.861667 0.035000 0.040000
0 0.110000 0.976667 0.032500 0.046667
0 0.235000 0.946667 0.037500 0.020000
0 0.177500 0.864167 0.035000 0.021667
0 0.234375 0.849167 0.048750 0.081667
0 0.471250 0.811667 0.015000 0.023333
0 0.515625 0.770000 0.041250 0.046667
0 0.671250 0.897500 0.045000 0.071667
0 0.790625 0.959167 0.053750 0.041667
0 0.768750 0.809167 0.065000 0.065000
0 0.816250 0.630000 0.042500 0.073333
0 0.870000 0.535833 0.087500 0.091667
0 0.956250 0.468333 0.035000 0.043333
0 0.790000 0.329167 0.050000 0.058333
0 0.648750 0.206667 0.037500 0.050000
0 0.817500 0.244167 0.022500 0.025000
0 0.868750 0.211667 0.022500 0.026667
0 0.905625 0.185000 0.021250 0.023333
0 0.818125 0.023333 0.036250 0.043333
0 0.991875 0.129167 0.016250 0.035000
0 0.688125 0.645000 0.021250 0.033333
0 0.469375 0.961667 0.018750 0.023333
0 0.875000 0.888333 0.025000 0.040000
0 0.367500 0.031667 0.032500 0.056667
