0 0.224375 0.140000 0.041250 0.027500
0 0.280625 0.198750 0.041250 0.037500
0 0.190000 0.398750 0.032500 0.030000
0 0.101250 0.423750 0.022500 0.025000
0 0.135625 0.370000 0.026250 0.012500
0 0.301250 0.375000 0.042500 0.050000
0 0.294375 0.650625 0.036250 0.033750
0 0.518750 0.868125 0.047500 0.046250
0 0.548750 0.803125 0.035000 0.028750
0 0.631250 0.886250 0.040000 0.037500
0 0.534375 0.346250 0.048750 0.040000
0 0.483125 0.149375 0.043750 0.051250
0 0.411250 0.146875 0.035000 0.031250
0 0.483750 0.039375 0.025000 0.018750
0 0.452500 0.008125 0.027500 0.013750
0 0.563750 0.036250 0.032500 0.030000
0 0.637500 0.058125 0.080000 0.043750
0 0.692500 0.338125 0.040000 0.036250
0 0.466250 0.277500 0.037500 0.045000
0 0.629375 0.331250 0.028750 0.027500
0 0.474375 0.498750 0.028750 0.022500
0 0.393125 0.746875 0.023750 0.026250
0 0.861875 0.836250 0.041250 0.047500
0 0.879375 0.776875 0.038750 0.023750
0 0.911250 0.948125 0.032500 0.043750
0 0.789375 0.960625 0.046250 0.026250
0 0.928125 0.855000 0.023750 0.022500
0 0.979375 0.753125 0.018750 0.031250
0 0.789375 0.483750 0.053750 0.042500
0 0.838750 0.428125 0.027500 0.028750
0 0.851875 0.248125 0.046250 0.033750
0 0.877500 0.088125 0.047500 0.028750
0 0.296875 0.905000 0.036250 0.025000
0 0.269375 0.946875 0.023750 0.023750
0 0.011875 0.720625 0.021250 0.041250
0 0.073125 0.073125 0.021250 0.016250
0 0.814375 0.872500 0.021250 0.027500
