0 0.131250 0.377500 0.070000 0.062500
0 0.225625 0.179375 0.028750 0.031250
0 0.224375 0.099375 0.041250 0.043750
0 0.255625 0.046250 0.081250 0.045000
0 0.348750 0.177500 0.032500 0.027500
0 0.237500 0.685625 0.057500 0.043750
0 0.179375 0.665625 0.028750 0.018750
0 0.185625 0.613125 0.028750 0.016250
0 0.190000 0.936875 0.040000 0.023750
0 0.296875 0.828125 0.016250 0.021250
0 0.524375 0.965625 0.041250 0.048750
0 0.623125 0.810625 0.033750 0.076250
0 0.519375 0.406250 0.026250 0.020000
0 0.465625 0.029375 0.038750 0.041250
0 0.473750 0.578125 0.020000 0.018750
0 0.833125 0.174375 0.028750 0.033750
0 0.863125 0.078750 0.046250 0.035000
0 0.851250 0.010000 0.035000 0.017500
0 0.961250 0.150000 0.037500 0.042500
0 0.700000 0.046875 0.032500 0.016250
0 0.533125 0.805625 0.028750 0.023750
0 0.688750 0.653125 0.022500 0.023750
