0 0.123750 0.717500 0.032500 0.030000
0 0.085000 0.953125 0.037500 0.036250
0 0.391875 0.483125 0.043750 0.061250
0 0.456875 0.502500 0.053750 0.045000
0 0.669375 0.638750 0.043750 0.045000
0 0.417500 0.748750 0.037500 0.050000
0 0.500625 0.891875 0.043750 0.046250
0 0.342500 0.788750 0.035000 0.035000
0 0.515625 0.063125 0.033750 0.036250
0 0.064375 0.128750 0.053750 0.047500
0 0.247500 0.223125 0.045000 0.046250
0 0.875625 0.351875 0.063750 0.058750
0 0.981250 0.327500 0.037500 0.060000
0 0.868125 0.706250 0.043750 0.052500
0 0.914375 0.929375 0.061250 0.063750
0 0.801875 0.767500 0.048750 0.052500
0 0.971250 0.953125 0.027500 0.031250
0 0.147500 0.249375 0.022500 0.031250
0 0.329375 0.011875 0.036250 0.021250
0 0.668125 0.114375 0.038750 0.023750
