0 0.131875 0.396875 0.101250 0.083750
0 0.010625 0.630625 0.018750 0.046250
0 0.145625 0.113125 0.026250 0.023750
0 0.236875 0.314375 0.031250 0.016250
0 0.210000 0.494375 0.030000 0.023750
0 0.231250 0.538750 0.025000 0.027500
0 0.038125 0.482500 0.028750 0.015000
0 0.410000 0.973750 0.035000 0.027500
0 0.343750 0.913750 0.035000 0.022500
0 0.485625 0.958125 0.033750 0.043750
0 0.615000 0.940000 0.057500 0.090000
0 0.561250 0.985000 0.040000 0.030000
0 0.723750 0.979375 0.052500 0.041250
0 0.562500 0.790000 0.042500 0.052500
0 0.501875 0.891250 0.058750 0.032500
0 0.606875 0.840625 0.018750 0.031250
0 0.455000 0.819375 0.042500 0.048750
0 0.385000 0.725000 0.030000 0.035000
0 0.654375 0.758750 0.023750 0.017500
0 0.458750 0.700625 0.050000 0.038750
0 0.490000 0.654375 0.070000 0.038750
0 0.446250 0.624375 0.045000 0.023750
0 0.658750 0.652500 0.025000 0.040000
0 0.568125 0.578750 0.058750 0.032500
0 0.427500 0.575625 0.027500 0.016250
0 0.474375 0.522500 0.068750 0.027500
0 0.588750 0.519375 0.030000 0.028750
0 0.573750 0.425625 0.060000 0.033750
0 0.449375 0.373750 0.056250 0.035000
0 0.438750 0.212500 0.010000 0.037500
0 0.534375 0.280000 0.043750 0.040000
0 0.339375 0.108125 0.031250 0.021250
0 0.731250 0.016875 0.042500 0.031250
0 0.641250 0.044375 0.027500 0.033750
0 0.652500 0.361875 0.022500 0.023750
0 0.819375 0.395625 0.056250 0.053750
0 0.838125 0.503125 0.036250 0.038750
0 0.874375 0.578750 0.041250 0.035000
0 0.911875 0.619375 0.021250 0.026250
0 0.880625 0.693125 0.021250 0.031250
0 0.895625 0.907500 0.051250 0.040000
0 0.901250 0.969375 0.040000 0.023750
0 0.981875 0.657500 0.036250 0.042500
0 0.980625 0.503125 0.028750 0.048750
0 0.933125 0.471875 0.038750 0.053750
0 0.911875 0.397500 0.038750 0.020000
0 0.980625 0.332500 0.038750 0.040000
0 0.788750 0.202500 0.032500 0.032500
0 0.920000 0.214375 0.030000 0.033750
0 0.803750 0.103750 0.042500 0.045000
0 0.848125 0.066250 0.043750 0.032500
0 0.898750 0.039375 0.060000 0.066250
0 0.958750 0.025625 0.050000 0.048750
0 0.500625 0.111250 0.028750 0.022500
0 0.451250 0.091875 0.027500 0.021250
0 0.132500 0.831250 0.027500 0.017500
0 0.786875 0.657500 0.013750 0.027500
0 0.768750 0.555625 0.047500 0.056250
0 0.754375 0.428750 0.026250 0.025000
0 0.625625 0.499375 0.011250 0.018750
0 0.297500 0.425625 0.032500 0.016250
0 0.296250 0.238125 0.030000 0.036250
0 0.339375 0.232500 0.013750 0.032500
0 0.877500 0.156875 0.040000 0.043750
