0 0.145625 0.101250 0.283750 0.192500
0 0.044375 0.256875 0.086250 0.103750
0 0.025625 0.420000 0.048750 0.085000
0 0.208750 0.220000 0.057500 0.027500
0 0.330000 0.105625 0.060000 0.098750
0 0.025625 0.631875 0.048750 0.046250
0 0.025000 0.789375 0.047500 0.043750
0 0.145000 0.581250 0.095000 0.100000
0 0.252500 0.521875 0.075000 0.036250
0 0.155000 0.721250 0.157500 0.065000
0 0.188125 0.669375 0.038750 0.033750
0 0.260000 0.692500 0.042500 0.047500
0 0.465000 0.933750 0.137500 0.070000
0 0.466250 0.983125 0.077500 0.031250
0 0.332500 0.968125 0.040000 0.058750
0 0.438750 0.768125 0.122500 0.188750
0 0.470625 0.630000 0.048750 0.027500
0 0.385625 0.622500 0.023750 0.017500
0 0.478125 0.570625 0.033750 0.048750
0 0.709375 0.728125 0.121250 0.141250
0 0.117500 0.231250 0.050000 0.037500
0 0.683750 0.937500 0.060000 0.090000
0 0.806875 0.885625 0.076250 0.176250
0 0.930625 0.680625 0.138750 0.101250
0 0.950625 0.750625 0.046250 0.031250
0 0.953750 0.972500 0.092500 0.047500
0 0.705000 0.515625 0.087500 0.088750
0 0.946250 0.502500 0.107500 0.115000
0 0.879375 0.328750 0.121250 0.227500
0 0.766250 0.447500 0.087500 0.050000
0 0.852500 0.495000 0.055000 0.097500
0 0.796250 0.498750 0.057500 0.035000
0 0.818750 0.073750 0.152500 0.142500
0 0.966250 0.073750 0.057500 0.042500
0 0.524375 0.173750 0.108750 0.047500
0 0.444375 0.285000 0.078750 0.020000
0 0.606875 0.058750 0.128750 0.115000
0 0.473750 0.080000 0.030000 0.070000
