0 0.035000 0.784167 0.060000 0.098333
0 0.016875 0.648333 0.031250 0.050000
0 0.010000 0.330000 0.017500 0.046667
0 0.166250 0.423333 0.025000 0.060000
0 0.286875 0.438333 0.043750 0.043333
0 0.223750 0.485833 0.042500 0.045000
0 0.260000 0.908333 0.020000 0.040000
0 0.376250 0.788333 0.030000 0.023333
0 0.404375 0.471667 0.026250 0.036667
0 0.303125 0.575000 0.038750 0.020000
0 0.371875 0.250000 0.038750 0.026667
0 0.406250 0.075000 0.082500 0.060000
0 0.340000 0.035833 0.027500 0.031667
0 0.543125 0.575000 0.061250 0.060000
0 0.627500 0.878333 0.030000 0.050000
0 0.686875 0.105000 0.058750 0.073333
0 0.601875 0.050833 0.028750 0.048333
0 0.608750 0.262500 0.022500 0.018333
0 0.833750 0.240000 0.030000 0.050000
0 0.758125 0.244167 0.038750 0.028333
0 0.788750 0.664167 0.040000 0.041667
0 0.758750 0.790000 0.045000 0.096667
0 0.771250 0.528333 0.040000 0.023333
0 0.985000 0.045833 0.030000 0.051667
0 0.192500 0.691667 0.025000 0.020000
