0 0.233125 0.118125 0.063750 0.046250
0 0.093125 0.212500 0.051250 0.037500
0 0.205000 0.329375 0.050000 0.036250
0 0.220625 0.048750 0.018750 0.025000
0 0.326875 0.010625 0.041250 0.013750
0 0.100625 0.053125 0.023750 0.016250
0 0.055000 0.608750 0.040000 0.055000
0 0.162500 0.546875 0.095000 0.073750
0 0.350000 0.443750 0.040000 0.040000
0 0.220000 0.747500 0.042500 0.030000
0 0.201875 0.665625 0.033750 0.031250
0 0.666250 0.804375 0.045000 0.041250
0 0.658750 0.748750 0.050000 0.035000
0 0.580000 0.667500 0.047500 0.055000
0 0.556250 0.340000 0.050000 0.032500
0 0.708125 0.360625 0.033750 0.031250
0 0.658750 0.247500 0.075000 0.060000
0 0.613750 0.187500 0.037500 0.027500
0 0.721875 0.060625 0.046250 0.071250
0 0.665000 0.060000 0.042500 0.055000
0 0.561250 0.030625 0.045000 0.041250
0 0.431875 0.094375 0.038750 0.033750
0 0.436875 0.548125 0.048750 0.031250
0 0.461875 0.695000 0.038750 0.027500
0 0.073750 0.896250 0.030000 0.020000
0 0.978750 0.931250 0.027500 0.052500
0 0.941875 0.661875 0.028750 0.036250
0 0.910625 0.534375 0.041250 0.038750
0 0.896875 0.336875 0.043750 0.028750
0 0.843125 0.283125 0.043750 0.033750
0 0.961875 0.243750 0.046250 0.042500
0 0.681250 0.646875 0.010000 0.011250
0 0.083125 0.153125 0.011250 0.021250
0 0.008750 0.050000 0.015000 0.055000
0 0.446875 0.458750 0.028750 0.017500
0 0.835625 0.063125 0.036250 0.031250
0 0.792500 0.098125 0.020000 0.018750
0 0.397500 0.871250 0.032500 0.030000
0 0.356250 0.787500 0.025000 0.022500
