0 0.117500 0.360000 0.065000 0.045000
0 0.070625 0.088125 0.023750 0.048750
0 0.017500 0.023750 0.032500 0.037500
0 0.176875 0.750000 0.116250 0.040000
0 0.258750 0.801875 0.042500 0.028750
0 0.226875 0.938750 0.031250 0.022500
0 0.118125 0.983125 0.026250 0.026250
0 0.367500 0.939375 0.027500 0.016250
0 0.482500 0.802500 0.025000 0.027500
0 0.629375 0.742500 0.056250 0.070000
0 0.688125 0.985000 0.031250 0.030000
0 0.457500 0.421875 0.030000 0.026250
0 0.636875 0.336250 0.033750 0.027500
0 0.468750 0.280000 0.050000 0.050000
0 0.631250 0.231250 0.035000 0.042500
0 0.661250 0.391875 0.032500 0.033750
0 0.971250 0.904375 0.037500 0.023750
0 0.904375 0.250000 0.046250 0.052500
0 0.753125 0.080625 0.053750 0.038750
0 0.893125 0.113750 0.043750 0.027500
0 0.865625 0.015000 0.043750 0.027500
