0 0.161875 0.578333 0.071250 0.070000
0 0.079375 0.713333 0.028750 0.020000
0 0.282500 0.622500 0.062500 0.045000
0 0.335625 0.714167 0.048750 0.055000
0 0.170000 0.318333 0.050000 0.050000
0 0.067500 0.424167 0.047500 0.041667
0 0.081250 0.146667 0.032500 0.060000
0 0.133750 0.025000 0.030000 0.046667
0 0.102500 0.066667 0.022500 0.026667
0 0.271875 0.050000 0.036250 0.060000
0 0.248750 0.278333 0.020000 0.013333
0 0.286250 0.360000 0.035000 0.026667
0 0.465000 0.236667 0.070000 0.083333
0 0.503750 0.691667 0.035000 0.050000
0 0.617500 0.290000 0.040000 0.046667
0 0.630000 0.429167 0.062500 0.078333
0 0.781250 0.644167 0.022500 0.028333
0 0.739375 0.544167 0.041250 0.038333
0 0.748125 0.607500 0.026250 0.025000
0 0.835000 0.552500 0.030000 0.055000
0 0.871250 0.502500 0.037500 0.078333
0 0.942500 0.545000 0.050000 0.060000
0 0.736875 0.848333 0.041250 0.040000
0 0.821875 0.857500 0.038750 0.038333
0 0.794375 0.981667 0.041250 0.036667
0 0.617500 0.885833 0.027500 0.018333
0 0.663750 0.520000 0.052500 0.040000
0 0.435625 0.863333 0.036250 0.046667
0 0.047500 0.933333 0.052500 0.076667
0 0.591250 0.032500 0.022500 0.055000
0 0.906875 0.159167 0.121250 0.071667
0 0.866250 0.733333 0.027500 0.026667
0 0.160000 0.977500 0.040000 0.045000
