0 0.195000 0.120833 0.042500 0.055000
0 0.094375 0.185000 0.028750 0.030000
0 0.275625 0.251667 0.033750 0.030000
0 0.486250 0.318333 0.047500 0.080000
0 0.373750 0.213333 0.042500 0.036667
0 0.550000 0.622500 0.030000 0.028333
0 0.476250 0.730000 0.042500 0.026667
0 0.050000 0.487500 0.030000 0.025000
0 0.645000 0.669167 0.037500 0.025000
0 0.495000 0.136667 0.035000 0.050000
0 0.618125 0.083333 0.023750 0.056667
0 0.486250 0.252500 0.040000 0.018333
0 0.408750 0.940833 0.017500 0.018333
0 0.210625 0.962500 0.018750 0.038333
0 0.299375 0.437500 0.028750 0.021667
0 0.625000 0.873333 0.062500 0.046667
0 0.753750 0.470000 0.022500 0.050000
0 0.733125 0.317500 0.078750 0.101667
0 0.820000 0.400833 0.055000 0.061667
0 0.884375 0.822500 0.036250 0.028333
0 0.659375 0.759167 0.031250 0.035000
0 0.876250 0.062500 0.030000 0.041667
0 0.949375 0.920000 0.033750 0.033333
0 0.651250 0.363333 0.032500 0.046667
0 0.699375 0.018333 0.033750 0.023333
0 0.748750 0.200000 0.027500 0.026667
0 0.736250 0.110000 0.020000 0.020000
0 0.697500 0.119167 0.022500 0.021667
0 0.848125 0.233333 0.031250 0.036667
0 0.530000 0.799167 0.017500 0.011667
0 0.610625 0.472500 0.013750 0.005000
0 0.458125 0.404167 0.021250 0.011667
0 0.176875 0.506667 0.031250 0.016667
0 0.115000 0.472500 0.020000 0.018333
0 0.109375 0.079167 0.023750 0.041667
0 0.824375 0.708333 0.026250 0.023333
0 0.923125 0.645833 0.023750 0.028333
0 0.773125 0.580833 0.021250 0.021667
0 0.690000 0.745833 0.020000 0.025000
0 0.745625 0.780833 0.011250 0.018333
