0 0.015000 0.263125 0.027500 0.048750
0 0.006875 0.178750 0.011250 0.037500
0 0.072500 0.718750 0.040000 0.035000
0 0.071250 0.642500 0.047500 0.042500
0 0.095625 0.441875 0.058750 0.031250
0 0.093125 0.298750 0.041250 0.035000
0 0.343750 0.970000 0.062500 0.035000
0 0.233750 0.873750 0.052500 0.057500
0 0.385625 0.868750 0.038750 0.032500
0 0.523750 0.880000 0.035000 0.040000
0 0.461250 0.313125 0.052500 0.043750
0 0.506250 0.367500 0.050000 0.045000
0 0.435000 0.237500 0.025000 0.027500
0 0.351250 0.096250 0.030000 0.027500
0 0.212500 0.064375 0.027500 0.013750
0 0.235625 0.178750 0.021250 0.030000
0 0.211250 0.241250 0.035000 0.027500
0 0.189375 0.114375 0.021250 0.028750
0 0.565000 0.461250 0.022500 0.020000
0 0.633125 0.286250 0.041250 0.040000
0 0.640000 0.461250 0.055000 0.045000
0 0.669375 0.418125 0.021250 0.026250
0 0.720625 0.756875 0.043750 0.033750
0 0.872500 0.608750 0.040000 0.035000
0 0.921875 0.821250 0.023750 0.022500
0 0.495625 0.097500 0.028750 0.030000
