0 0.121250 0.812500 0.082500 0.112500
0 0.135625 0.909375 0.036250 0.043750
0 0.193125 0.903125 0.041250 0.033750
0 0.223750 0.847500 0.050000 0.040000
0 0.254375 0.892500 0.033750 0.027500
0 0.310625 0.858750 0.056250 0.070000
0 0.374375 0.853125 0.038750 0.046250
0 0.236875 0.580000 0.026250 0.030000
0 0.185000 0.504375 0.035000 0.048750
0 0.289375 0.498750 0.068750 0.072500
0 0.340000 0.400625 0.030000 0.023750
0 0.336875 0.300625 0.033750 0.026250
0 0.171875 0.129375 0.046250 0.041250
0 0.360625 0.068125 0.028750 0.018750
0 0.046875 0.021875 0.036250 0.028750
0 0.493125 0.087500 0.066250 0.075000
0 0.603750 0.073125 0.032500 0.021250
0 0.564375 0.226250 0.073750 0.055000
0 0.491250 0.243750 0.030000 0.017500
0 0.534375 0.276875 0.026250 0.026250
0 0.460000 0.346250 0.020000 0.025000
0 0.526875 0.447500 0.033750 0.025000
0 0.577500 0.411250 0.027500 0.020000
0 0.426250 0.631875 0.070000 0.063750
0 0.520625 0.615000 0.026250 0.030000
0 0.571875 0.594375 0.026250 0.028750
0 0.546875 0.539375 0.031250 0.023750
0 0.591875 0.746250 0.043750 0.045000
0 0.476250 0.683125 0.022500 0.026250
0 0.619375 0.941875 0.036250 0.023750
0 0.770000 0.828125 0.032500 0.033750
0 0.875625 0.943750 0.131250 0.075000
0 0.833750 0.865000 0.065000 0.047500
0 0.886875 0.782500 0.061250 0.057500
0 0.944375 0.728750 0.021250 0.035000
0 0.959375 0.816875 0.026250 0.021250
0 0.712500 0.683125 0.085000 0.073750
0 0.649375 0.638750 0.031250 0.015000
0 0.876250 0.540000 0.120000 0.050000
0 0.851250 0.602500 0.025000 0.027500
0 0.939375 0.412500 0.021250 0.040000
0 0.741875 0.487500 0.038750 0.035000
0 0.924375 0.234375 0.051250 0.046250
0 0.674375 0.383125 0.041250 0.041250
0 0.699375 0.228125 0.023750 0.023750
0 0.731875 0.166875 0.041250 0.038750
0 0.871875 0.103125 0.073750 0.046250
0 0.809375 0.050625 0.016250 0.021250
0 0.960625 0.120000 0.021250 0.015000
0 0.799375 0.723125 0.048750 0.018750
0 0.682500 0.804375 0.025000 0.021250
0 0.729375 0.789375 0.036250 0.016250
0 0.231250 0.361875 0.035000 0.021250
0 0.016250 0.943750 0.020000 0.020000
0 0.487500 0.152500 0.020000 0.015000
0 0.216250 0.171250 0.032500 0.012500
0 0.009375 0.046875 0.016250 0.028750
0 0.960000 0.416250 0.017500 0.025000
0 0.680000 0.936875 0.027500 0.021250
0 0.698750 0.980625 0.035000 0.023750
0 0.382500 0.922500 0.017500 0.025000
0 0.428125 0.905000 0.026250 0.037500
0 0.558125 0.791875 0.021250 0.033750
