0 0.154375 0.108750 0.046250 0.045000
0 0.060625 0.210000 0.026250 0.042500
0 0.160625 0.201250 0.033750 0.040000
0 0.068125 0.397500 0.028750 0.017500
0 0.142500 0.423125 0.025000 0.026250
0 0.225000 0.517500 0.057500 0.042500
0 0.236875 0.421875 0.028750 0.051250
0 0.223750 0.350000 0.027500 0.030000
0 0.073750 0.938750 0.035000 0.035000
0 0.603750 0.709375 0.075000 0.043750
0 0.640000 0.546875 0.025000 0.031250
0 0.589375 0.428750 0.041250 0.027500
0 0.507500 0.471250 0.030000 0.022500
0 0.467500 0.420625 0.037500 0.023750
0 0.416875 0.546250 0.023750 0.025000
0 0.454375 0.523750 0.031250 0.017500
0 0.617500 0.380625 0.030000 0.023750
0 0.562500 0.255625 0.080000 0.061250
0 0.388750 0.237500 0.032500 0.035000
0 0.473750 0.090625 0.045000 0.036250
0 0.539375 0.027500 0.038750 0.025000
0 0.857500 0.795000 0.050000 0.037500
0 0.808750 0.898125 0.032500 0.038750
0 0.983750 0.980625 0.025000 0.033750
0 0.975000 0.740000 0.050000 0.040000
0 0.840000 0.390625 0.025000 0.021250
0 0.758750 0.016875 0.035000 0.031250
0 0.101250 0.031250 0.025000 0.015000
