0 0.131875 0.381875 0.076250 0.051250
0 0.177500 0.670000 0.045000 0.020000
0 0.247500 0.683750 0.057500 0.050000
0 0.063125 0.854375 0.031250 0.026250
0 0.186250 0.942500 0.040000 0.022500
0 0.219375 0.171250 0.031250 0.032500
0 0.238750 0.105000 0.030000 0.027500
0 0.246250 0.043125 0.072500 0.043750
0 0.464375 0.032500 0.068750 0.047500
0 0.523125 0.414375 0.046250 0.028750
0 0.472500 0.584375 0.022500 0.023750
0 0.638125 0.820625 0.058750 0.078750
0 0.528750 0.805625 0.027500 0.026250
0 0.528750 0.973125 0.032500 0.041250
0 0.854375 0.077500 0.053750 0.040000
0 0.859375 0.013750 0.038750 0.025000
0 0.844375 0.176875 0.046250 0.048750
0 0.951875 0.149375 0.026250 0.028750
0 0.303125 0.827500 0.041250 0.020000
0 0.348125 0.174375 0.036250 0.023750
