0 0.268750 0.651250 0.052500 0.055000
0 0.243750 0.444375 0.032500 0.038750
0 0.119375 0.064375 0.071250 0.033750
0 0.416250 0.307500 0.050000 0.032500
0 0.402500 0.231250 0.050000 0.032500
0 0.482500 0.765000 0.100000 0.092500
0 0.613125 0.599375 0.031250 0.028750
0 0.600000 0.496875 0.022500 0.028750
0 0.679375 0.257500 0.036250 0.037500
0 0.658125 0.956250 0.038750 0.042500
0 0.535625 0.968125 0.073750 0.048750
0 0.951250 0.914375 0.047500 0.066250
0 0.850625 0.565625 0.033750 0.041250
0 0.830625 0.317500 0.036250 0.045000
0 0.973125 0.230625 0.031250 0.048750
0 0.825625 0.078750 0.026250 0.032500
0 0.917500 0.096875 0.045000 0.038750
0 0.971250 0.113750 0.037500 0.042500
