0 0.053125 0.021875 0.033750 0.026250
0 0.046250 0.167500 0.020000 0.017500
0 0.121875 0.821250 0.096250 0.102500
0 0.166250 0.900625 0.090000 0.038750
0 0.290000 0.870000 0.107500 0.095000
0 0.204375 0.836875 0.021250 0.023750
0 0.183750 0.510625 0.030000 0.036250
0 0.095000 0.473750 0.030000 0.032500
0 0.239375 0.583750 0.046250 0.030000
0 0.291250 0.503750 0.045000 0.077500
0 0.348750 0.401875 0.025000 0.023750
0 0.225625 0.353125 0.031250 0.026250
0 0.345625 0.306250 0.033750 0.025000
0 0.177500 0.133750 0.042500 0.057500
0 0.363750 0.073125 0.037500 0.036250
0 0.490000 0.088125 0.070000 0.076250
0 0.375000 0.214375 0.017500 0.008750
0 0.486875 0.245000 0.018750 0.025000
0 0.565000 0.225000 0.070000 0.060000
0 0.461250 0.341250 0.022500 0.020000
0 0.533125 0.456250 0.038750 0.027500
0 0.673750 0.386250 0.032500 0.022500
0 0.726875 0.170000 0.038750 0.025000
0 0.703125 0.224375 0.031250 0.033750
0 0.812500 0.055625 0.025000 0.021250
0 0.845625 0.100625 0.016250 0.026250
0 0.886875 0.100625 0.028750 0.031250
0 0.932500 0.243750 0.045000 0.040000
0 0.383750 0.922500 0.025000 0.020000
0 0.370000 0.861250 0.045000 0.050000
0 0.409375 0.825625 0.028750 0.023750
0 0.417500 0.637500 0.050000 0.065000
0 0.522500 0.615625 0.030000 0.018750
0 0.578750 0.596250 0.025000 0.020000
0 0.587500 0.746875 0.025000 0.028750
0 0.536875 0.279375 0.011250 0.028750
0 0.486875 0.160000 0.031250 0.017500
0 0.581875 0.410625 0.033750 0.021250
0 0.698125 0.699375 0.046250 0.023750
0 0.732500 0.663750 0.027500 0.020000
0 0.901875 0.532500 0.048750 0.047500
0 0.742500 0.485000 0.027500 0.012500
0 0.849375 0.535625 0.026250 0.028750
0 0.901250 0.790625 0.060000 0.051250
0 0.591875 0.076250 0.018750 0.020000
0 0.711250 0.006250 0.020000 0.010000
0 0.782500 0.205625 0.027500 0.016250
0 0.906875 0.946250 0.041250 0.042500
0 0.844375 0.938750 0.063750 0.055000
0 0.821875 0.865000 0.038750 0.037500
0 0.775000 0.828750 0.030000 0.020000
0 0.728750 0.796875 0.035000 0.026250
0 0.684375 0.801250 0.023750 0.015000
0 0.807500 0.726250 0.030000 0.022500
0 0.850625 0.596875 0.028750 0.033750
0 0.945000 0.421875 0.055000 0.036250
0 0.785625 0.530000 0.033750 0.010000
0 0.791875 0.624375 0.031250 0.016250
0 0.822500 0.265625 0.020000 0.016250
0 0.712500 0.280000 0.020000 0.007500
0 0.208750 0.158750 0.007500 0.007500
0 0.003750 0.230625 0.005000 0.026250
0 0.012500 0.048750 0.020000 0.042500
0 0.960625 0.728750 0.023750 0.017500
0 0.487500 0.992500 0.022500 0.015000
0 0.626875 0.940000 0.026250 0.017500
0 0.479375 0.690625 0.026250 0.018750
0 0.544375 0.535625 0.011250 0.028750
