0 0.053125 0.688125 0.046250 0.038750
0 0.196875 0.683750 0.086250 0.085000
0 0.103750 0.729375 0.020000 0.028750
0 0.288125 0.631250 0.048750 0.042500
0 0.353125 0.632500 0.021250 0.022500
0 0.205625 0.913750 0.058750 0.045000
0 0.221250 0.813750 0.025000 0.017500
0 0.252500 0.698125 0.017500 0.013750
0 0.147500 0.508125 0.085000 0.061250
0 0.046250 0.596250 0.035000 0.027500
0 0.222500 0.537500 0.045000 0.037500
0 0.283750 0.495000 0.042500 0.057500
0 0.231250 0.457500 0.040000 0.047500
0 0.076875 0.345000 0.046250 0.030000
0 0.043125 0.409375 0.033750 0.021250
0 0.031250 0.320000 0.032500 0.025000
0 0.229375 0.325000 0.041250 0.030000
0 0.072500 0.170625 0.040000 0.018750
0 0.152500 0.078750 0.047500 0.050000
0 0.232500 0.030000 0.042500 0.025000
0 0.508125 0.592500 0.043750 0.042500
0 0.406250 0.655625 0.030000 0.023750
0 0.449375 0.988750 0.053750 0.020000
0 0.542500 0.484375 0.042500 0.033750
0 0.513125 0.401875 0.046250 0.066250
0 0.465625 0.038750 0.041250 0.047500
0 0.408750 0.140000 0.020000 0.020000
0 0.353750 0.102500 0.017500 0.015000
0 0.463750 0.193125 0.022500 0.016250
0 0.440000 0.093125 0.020000 0.018750
0 0.548750 0.149375 0.037500 0.028750
0 0.552500 0.053750 0.032500 0.032500
0 0.605625 0.154375 0.023750 0.023750
0 0.675000 0.223750 0.040000 0.037500
0 0.646875 0.175000 0.041250 0.027500
0 0.683125 0.121250 0.033750 0.042500
0 0.698750 0.044375 0.042500 0.053750
0 0.758125 0.153125 0.038750 0.028750
0 0.834375 0.110000 0.048750 0.047500
0 0.839375 0.168125 0.016250 0.023750
0 0.860625 0.271875 0.066250 0.078750
0 0.654375 0.393125 0.046250 0.066250
0 0.721250 0.540000 0.035000 0.055000
0 0.686250 0.678125 0.022500 0.028750
0 0.846875 0.774375 0.063750 0.053750
0 0.677500 0.903125 0.045000 0.086250
0 0.732500 0.948125 0.037500 0.033750
0 0.814375 0.980000 0.041250 0.040000
0 0.890000 0.890000 0.037500 0.047500
