0 0.206250 0.123125 0.140000 0.106250
0 0.074375 0.320625 0.046250 0.051250
0 0.031250 0.255000 0.055000 0.062500
0 0.057500 0.406250 0.035000 0.032500
0 0.155625 0.464375 0.068750 0.063750
0 0.012500 0.644375 0.022500 0.056250
0 0.087500 0.667500 0.040000 0.062500
0 0.050625 0.769375 0.058750 0.068750
0 0.200000 0.662500 0.072500 0.070000
0 0.015625 0.899375 0.028750 0.051250
0 0.265625 0.948125 0.031250 0.026250
0 0.270625 0.760625 0.031250 0.043750
0 0.393125 0.781250 0.033750 0.042500
0 0.516250 0.828125 0.100000 0.073750
0 0.483750 0.405625 0.042500 0.061250
0 0.558750 0.648125 0.072500 0.043750
0 0.537500 0.302500 0.050000 0.052500
0 0.406250 0.119375 0.037500 0.031250
0 0.286875 0.243125 0.041250 0.043750
0 0.580000 0.045625 0.125000 0.086250
0 0.672500 0.268125 0.035000 0.036250
0 0.758125 0.298750 0.043750 0.062500
0 0.729375 0.427500 0.053750 0.057500
0 0.675000 0.521875 0.035000 0.051250
0 0.698750 0.650625 0.080000 0.048750
0 0.756250 0.581250 0.065000 0.075000
0 0.806875 0.411250 0.066250 0.042500
0 0.930625 0.866250 0.066250 0.085000
0 0.756875 0.041875 0.061250 0.056250
0 0.886250 0.213750 0.035000 0.042500
0 0.946250 0.310625 0.030000 0.031250
0 0.975625 0.516875 0.048750 0.051250
0 0.890000 0.457500 0.052500 0.062500
0 0.819375 0.729375 0.023750 0.028750
0 0.838750 0.805000 0.040000 0.035000
0 0.376875 0.454375 0.036250 0.036250
0 0.296250 0.175000 0.027500 0.030000
0 0.873125 0.730625 0.026250 0.026250
0 0.900625 0.595625 0.063750 0.046250
0 0.435625 0.969375 0.028750 0.036250
0 0.704375 0.915625 0.026250 0.028750
0 0.835625 0.980625 0.016250 0.028750
0 0.360000 0.546875 0.042500 0.028750
