0 0.036250 0.780000 0.065000 0.090000
0 0.015000 0.643333 0.020000 0.043333
0 0.014375 0.331667 0.026250 0.036667
0 0.170000 0.427500 0.040000 0.048333
0 0.276250 0.429167 0.042500 0.051667
0 0.219375 0.478333 0.028750 0.033333
0 0.409375 0.470833 0.021250 0.058333
0 0.368750 0.239167 0.020000 0.048333
0 0.313125 0.167500 0.026250 0.038333
0 0.405625 0.074167 0.083750 0.065000
0 0.339375 0.035000 0.026250 0.026667
0 0.373750 0.793333 0.027500 0.020000
0 0.260000 0.923333 0.027500 0.030000
0 0.626875 0.873333 0.036250 0.050000
0 0.754375 0.763333 0.038750 0.060000
0 0.788750 0.670000 0.052500 0.043333
0 0.760625 0.523333 0.018750 0.033333
0 0.835000 0.238333 0.020000 0.036667
0 0.755000 0.242500 0.017500 0.028333
0 0.678750 0.104167 0.062500 0.068333
0 0.609375 0.046667 0.036250 0.016667
0 0.983750 0.035000 0.032500 0.040000
0 0.552500 0.593333 0.027500 0.020000
0 0.504375 0.581667 0.023750 0.023333
0 0.609375 0.255833 0.028750 0.045000
0 0.376875 0.518333 0.028750 0.020000
0 0.301875 0.574167 0.023750 0.018333
0 0.416875 0.851667 0.016250 0.033333
0 0.455000 0.919167 0.022500 0.021667
