0 0.079375 0.410625 0.048750 0.046250
0 0.070625 0.487500 0.031250 0.025000
0 0.063125 0.841875 0.021250 0.038750
0 0.066250 0.964375 0.060000 0.036250
0 0.505625 0.895625 0.031250 0.041250
0 0.406250 0.958750 0.042500 0.030000
0 0.361250 0.821875 0.035000 0.043750
0 0.370000 0.635625 0.062500 0.041250
0 0.687500 0.635625 0.042500 0.058750
0 0.478125 0.485625 0.053750 0.051250
0 0.391250 0.320625 0.065000 0.028750
0 0.413125 0.214375 0.041250 0.023750
0 0.675625 0.143750 0.073750 0.062500
0 0.615625 0.017500 0.083750 0.030000
0 0.540625 0.080000 0.038750 0.025000
0 0.707500 0.271250 0.037500 0.037500
0 0.653125 0.326875 0.026250 0.026250
0 0.711250 0.358750 0.025000 0.025000
0 0.866250 0.485000 0.045000 0.047500
0 0.834375 0.582500 0.048750 0.035000
0 0.841250 0.107500 0.047500 0.035000
0 0.908750 0.102500 0.037500 0.060000
0 0.965625 0.039375 0.031250 0.043750
0 0.061250 0.255625 0.030000 0.023750
0 0.755000 0.880625 0.037500 0.021250
0 0.305625 0.017500 0.048750 0.030000
0 0.387500 0.161875 0.030000 0.028750
0 0.563125 0.630625 0.016250 0.031250
0 0.461250 0.827500 0.022500 0.010000
0 0.431250 0.906875 0.055000 0.046250
0 0.834375 0.378750 0.016250 0.022500
0 0.666250 0.985000 0.042500 0.030000
