0 0.145625 0.780000 0.101250 0.067500
0 0.085000 0.671875 0.047500 0.038750
0 0.141875 0.665625 0.046250 0.043750
0 0.066250 0.580000 0.027500 0.027500
0 0.088125 0.930000 0.041250 0.037500
0 0.155000 0.501875 0.040000 0.038750
0 0.270625 0.448125 0.048750 0.056250
0 0.086250 0.118750 0.042500 0.037500
0 0.089375 0.051875 0.028750 0.036250
0 0.046875 0.059375 0.026250 0.028750
0 0.233125 0.042500 0.043750 0.050000
0 0.496250 0.403750 0.045000 0.070000
0 0.544375 0.362500 0.038750 0.042500
0 0.428750 0.473125 0.035000 0.033750
0 0.663125 0.141875 0.043750 0.058750
0 0.429375 0.975625 0.051250 0.048750
0 0.500000 0.956250 0.047500 0.052500
0 0.640625 0.963125 0.048750 0.031250
0 0.748125 0.880625 0.111250 0.068750
0 0.766875 0.810625 0.033750 0.038750
0 0.986250 0.891875 0.027500 0.038750
0 0.703750 0.408125 0.050000 0.046250
0 0.608750 0.235625 0.052500 0.043750
0 0.828125 0.488750 0.046250 0.047500
0 0.897500 0.460000 0.040000 0.037500
0 0.925625 0.519375 0.053750 0.051250
0 0.860625 0.334375 0.058750 0.068750
0 0.907500 0.127500 0.032500 0.040000
0 0.866250 0.041875 0.032500 0.028750
0 0.946250 0.625000 0.025000 0.022500
0 0.565625 0.446250 0.038750 0.022500
0 0.629375 0.430625 0.033750 0.023750
0 0.772500 0.332500 0.027500 0.025000
0 0.762500 0.381250 0.035000 0.020000
0 0.837500 0.806875 0.050000 0.036250
0 0.886250 0.882500 0.032500 0.030000
0 0.901875 0.639375 0.021250 0.018750
0 0.575000 0.985000 0.017500 0.030000
