0 0.366250 0.797500 0.085000 0.065000
0 0.454375 0.776667 0.021250 0.046667
0 0.373750 0.484167 0.040000 0.045000
0 0.286875 0.350000 0.036250 0.043333
0 0.030000 0.149167 0.012500 0.035000
0 0.089375 0.119167 0.036250 0.045000
0 0.060625 0.870000 0.038750 0.046667
0 0.113750 0.825833 0.022500 0.021667
0 0.671250 0.864167 0.032500 0.048333
0 0.615625 0.355833 0.053750 0.065000
0 0.668750 0.373333 0.015000 0.020000
0 0.548750 0.066667 0.035000 0.043333
0 0.643125 0.055833 0.033750 0.041667
0 0.776250 0.140833 0.052500 0.111667
0 0.830000 0.020833 0.030000 0.021667
0 0.710000 0.138333 0.025000 0.043333
0 0.779375 0.445000 0.041250 0.030000
0 0.785625 0.616667 0.051250 0.050000
0 0.816875 0.534167 0.038750 0.031667
0 0.917500 0.620833 0.025000 0.018333
0 0.938125 0.679167 0.033750 0.035000
0 0.823125 0.956667 0.031250 0.076667
0 0.866875 0.884167 0.031250 0.035000
0 0.953125 0.890000 0.018750 0.016667
0 0.786875 0.799167 0.033750 0.035000
0 0.303750 0.149167 0.035000 0.025000
0 0.395625 0.966667 0.021250 0.010000
0 0.678750 0.720000 0.015000 0.026667
