0 0.039375 0.865000 0.038750 0.047500
0 0.028125 0.595625 0.048750 0.036250
0 0.080625 0.955000 0.033750 0.012500
0 0.153125 0.297500 0.038750 0.037500
0 0.116875 0.123750 0.071250 0.027500
0 0.419375 0.941875 0.028750 0.033750
0 0.555000 0.635625 0.067500 0.071250
0 0.485000 0.411250 0.072500 0.045000
0 0.579375 0.171250 0.036250 0.030000
0 0.666875 0.116250 0.033750 0.035000
0 0.583750 0.125625 0.027500 0.026250
0 0.595000 0.055625 0.060000 0.031250
0 0.428125 0.128125 0.033750 0.021250
0 0.348750 0.653125 0.040000 0.021250
0 0.489375 0.034375 0.046250 0.031250
0 0.886875 0.942500 0.036250 0.032500
0 0.955625 0.846875 0.011250 0.031250
0 0.815625 0.766250 0.038750 0.045000
0 0.938750 0.686875 0.022500 0.016250
0 0.882500 0.423125 0.025000 0.036250
0 0.911250 0.190000 0.047500 0.042500
0 0.979375 0.041875 0.041250 0.073750
0 0.746875 0.597500 0.023750 0.017500
