0 0.061250 0.338125 0.092500 0.058750
0 0.045625 0.416250 0.028750 0.042500
0 0.153125 0.503125 0.088750 0.068750
0 0.238125 0.458125 0.043750 0.061250
0 0.226875 0.538750 0.053750 0.027500
0 0.201875 0.675625 0.096250 0.068750
0 0.286875 0.625000 0.051250 0.032500
0 0.292500 0.508125 0.050000 0.043750
0 0.228750 0.338125 0.045000 0.026250
0 0.068750 0.170625 0.035000 0.033750
0 0.158750 0.080000 0.052500 0.040000
0 0.221250 0.041875 0.042500 0.051250
0 0.474375 0.043125 0.053750 0.053750
0 0.352500 0.105625 0.022500 0.023750
0 0.401250 0.139375 0.030000 0.018750
0 0.441250 0.089375 0.017500 0.023750
0 0.465000 0.191250 0.020000 0.015000
0 0.550000 0.156250 0.037500 0.047500
0 0.541250 0.048125 0.037500 0.026250
0 0.516875 0.388125 0.043750 0.033750
0 0.518125 0.430000 0.053750 0.022500
0 0.535625 0.495000 0.036250 0.020000
0 0.512500 0.603750 0.040000 0.050000
0 0.443750 0.984375 0.040000 0.031250
0 0.819375 0.981875 0.033750 0.036250
0 0.733750 0.939375 0.032500 0.018750
0 0.676250 0.898125 0.045000 0.061250
0 0.850000 0.779375 0.070000 0.041250
0 0.889375 0.864375 0.023750 0.021250
0 0.890000 0.908750 0.025000 0.020000
0 0.688125 0.684375 0.023750 0.033750
0 0.725625 0.540000 0.038750 0.032500
0 0.655625 0.395625 0.043750 0.058750
0 0.858125 0.276875 0.076250 0.076250
0 0.645000 0.176875 0.050000 0.026250
0 0.667500 0.221250 0.050000 0.030000
0 0.756875 0.156250 0.046250 0.037500
0 0.675625 0.123750 0.051250 0.042500
0 0.830625 0.113750 0.038750 0.047500
0 0.842500 0.176250 0.030000 0.030000
0 0.708125 0.047500 0.038750 0.040000
0 0.404375 0.654375 0.021250 0.026250
0 0.354375 0.626875 0.026250 0.028750
0 0.057500 0.692500 0.035000 0.045000
0 0.045000 0.592500 0.022500 0.040000
0 0.223750 0.814375 0.025000 0.016250
0 0.224375 0.937500 0.026250 0.022500
0 0.187500 0.896875 0.020000 0.011250
0 0.120000 0.338750 0.025000 0.022500
