0 0.018750 0.075000 0.035000 0.057500
0 0.188125 0.406875 0.051250 0.043750
0 0.174375 0.480000 0.043750 0.042500
0 0.101250 0.615625 0.037500 0.053750
0 0.205625 0.638125 0.056250 0.043750
0 0.453125 0.723125 0.038750 0.051250
0 0.712500 0.966875 0.042500 0.028750
0 0.733750 0.881250 0.022500 0.042500
0 0.575000 0.571875 0.045000 0.056250
0 0.580000 0.488750 0.030000 0.032500
0 0.613125 0.350000 0.043750 0.037500
0 0.583125 0.058750 0.033750 0.032500
0 0.626250 0.128750 0.072500 0.060000
0 0.871250 0.825625 0.052500 0.083750
0 0.926875 0.725000 0.021250 0.030000
0 0.980000 0.320625 0.040000 0.036250
0 0.623125 0.953750 0.038750 0.027500
0 0.325000 0.211250 0.022500 0.020000
0 0.335625 0.151875 0.033750 0.026250
0 0.374375 0.266250 0.023750 0.045000
0 0.176875 0.871250 0.021250 0.022500
0 0.628125 0.188750 0.028750 0.025000
