0 0.192500 0.974167 0.047500 0.051667
0 0.156250 0.654167 0.027500 0.048333
0 0.101875 0.487500 0.028750 0.038333
0 0.303750 0.467500 0.040000 0.095000
0 0.486250 0.420000 0.052500 0.036667
0 0.406250 0.412500 0.030000 0.031667
0 0.434375 0.857500 0.071250 0.038333
0 0.596875 0.785000 0.026250 0.026667
0 0.680000 0.742500 0.040000 0.055000
0 0.574375 0.922500 0.018750 0.008333
0 0.687500 0.179167 0.062500 0.075000
0 0.514375 0.175833 0.033750 0.051667
0 0.734375 0.013333 0.023750 0.023333
0 0.743750 0.490833 0.032500 0.041667
0 0.673750 0.858333 0.020000 0.023333
0 0.895000 0.791667 0.022500 0.050000
0 0.871250 0.545000 0.065000 0.070000
0 0.503125 0.586667 0.031250 0.023333
