0 0.018750 0.033750 0.035000 0.052500
0 0.009375 0.132500 0.016250 0.027500
0 0.025625 0.971875 0.048750 0.051250
0 0.135625 0.756250 0.028750 0.020000
0 0.317500 0.883125 0.037500 0.031250
0 0.235000 0.502500 0.032500 0.030000
0 0.228125 0.393125 0.048750 0.028750
0 0.338750 0.335625 0.030000 0.026250
0 0.373750 0.202500 0.022500 0.015000
0 0.620000 0.785625 0.027500 0.036250
0 0.796875 0.926250 0.033750 0.035000
0 0.804375 0.846250 0.033750 0.030000
0 0.636875 0.496875 0.058750 0.053750
0 0.773750 0.522500 0.035000 0.030000
0 0.748125 0.559375 0.026250 0.021250
0 0.749375 0.699375 0.021250 0.023750
0 0.785000 0.675625 0.027500 0.013750
0 0.931875 0.403750 0.053750 0.052500
0 0.913125 0.319375 0.056250 0.043750
0 0.803750 0.180000 0.037500 0.052500
0 0.583750 0.091250 0.057500 0.035000
0 0.671875 0.231875 0.033750 0.018750
0 0.607500 0.195000 0.040000 0.017500
