0 0.170000 0.468125 0.057500 0.043750
0 0.137500 0.562500 0.032500 0.052500
0 0.199375 0.640625 0.048750 0.048750
0 0.021875 0.070000 0.041250 0.047500
0 0.086875 0.775000 0.071250 0.040000
0 0.513750 0.463125 0.050000 0.048750
0 0.414375 0.057500 0.051250 0.047500
0 0.593750 0.305000 0.070000 0.077500
0 0.658125 0.368125 0.053750 0.051250
0 0.635625 0.766875 0.031250 0.038750
0 0.970625 0.453750 0.051250 0.082500
0 0.958750 0.308750 0.060000 0.070000
0 0.716250 0.100625 0.080000 0.108750
0 0.928125 0.890000 0.041250 0.055000
0 0.730000 0.491250 0.032500 0.040000
0 0.818750 0.339375 0.037500 0.031250
0 0.063750 0.592500 0.032500 0.025000
0 0.985000 0.188750 0.025000 0.020000
0 0.551250 0.131250 0.030000 0.027500
0 0.643750 0.635625 0.022500 0.016250
0 0.720625 0.598125 0.078750 0.038750
0 0.691875 0.712500 0.038750 0.027500
0 0.588750 0.987500 0.030000 0.025000
0 0.012500 0.961250 0.022500 0.032500
0 0.295625 0.833125 0.058750 0.036250
0 0.311250 0.427500 0.027500 0.035000
0 0.231250 0.199375 0.035000 0.018750
0 0.198750 0.171250 0.025000 0.030000
0 0.725625 0.903750 0.016250 0.030000
