0 0.189375 0.395000 0.026250 0.025000
0 0.305000 0.373125 0.042500 0.018750
0 0.305000 0.651875 0.045000 0.021250
0 0.226250 0.130625 0.037500 0.038750
0 0.283750 0.202500 0.022500 0.017500
0 0.478750 0.158125 0.047500 0.036250
0 0.530000 0.326875 0.040000 0.031250
0 0.463125 0.280000 0.041250 0.042500
0 0.450625 0.010000 0.038750 0.017500
0 0.483125 0.030000 0.031250 0.020000
0 0.567500 0.046875 0.030000 0.041250
0 0.643125 0.056875 0.091250 0.036250
0 0.473750 0.490000 0.027500 0.015000
0 0.520625 0.864375 0.038750 0.053750
0 0.784375 0.953750 0.028750 0.027500
0 0.911250 0.953125 0.055000 0.038750
0 0.854375 0.823125 0.053750 0.038750
0 0.888750 0.770000 0.035000 0.045000
0 0.982500 0.742500 0.020000 0.025000
0 0.935000 0.858125 0.017500 0.038750
0 0.788125 0.481250 0.048750 0.035000
0 0.741250 0.674375 0.027500 0.013750
0 0.831875 0.423750 0.036250 0.040000
0 0.687500 0.330625 0.042500 0.036250
0 0.632500 0.331250 0.030000 0.020000
0 0.856250 0.247500 0.027500 0.055000
0 0.878125 0.098750 0.051250 0.030000
0 0.848750 0.027500 0.027500 0.017500
0 0.260625 0.950000 0.028750 0.020000
0 0.011875 0.718750 0.016250 0.025000
0 0.101250 0.426250 0.020000 0.020000
0 0.136875 0.373125 0.021250 0.026250
0 0.083125 0.073750 0.033750 0.020000
