0 0.090625 0.644167 0.041250 0.051667
0 0.007500 0.392500 0.012500 0.045000
0 0.295625 0.731667 0.026250 0.040000
0 0.290625 0.022500 0.053750 0.041667
0 0.431875 0.030833 0.048750 0.051667
0 0.367500 0.715833 0.037500 0.045000
0 0.350000 0.906667 0.035000 0.040000
0 0.436250 0.875833 0.070000 0.061667
0 0.480625 0.707500 0.026250 0.038333
0 0.543750 0.655833 0.027500 0.041667
0 0.546250 0.738333 0.042500 0.026667
0 0.541875 0.042500 0.041250 0.065000
0 0.739375 0.436667 0.023750 0.036667
0 0.687500 0.524167 0.027500 0.041667
0 0.834375 0.720833 0.038750 0.058333
0 0.655625 0.954167 0.031250 0.035000
0 0.964375 0.010000 0.028750 0.016667
0 0.093125 0.115000 0.028750 0.023333
