0 0.134375 0.481667 0.043750 0.056667
0 0.111250 0.235000 0.037500 0.030000
0 0.315625 0.354167 0.033750 0.048333
0 0.346250 0.285833 0.030000 0.038333
0 0.513125 0.091667 0.038750 0.040000
0 0.441875 0.527500 0.041250 0.025000
0 0.362500 0.659167 0.027500 0.025000
0 0.473750 0.673333 0.062500 0.076667
0 0.379375 0.985833 0.021250 0.028333
0 0.391250 0.863333 0.065000 0.060000
0 0.699375 0.514167 0.031250 0.038333
0 0.663125 0.823333 0.046250 0.090000
0 0.727500 0.227500 0.037500 0.051667
0 0.812500 0.247500 0.047500 0.111667
0 0.381250 0.065000 0.042500 0.043333
0 0.863125 0.990000 0.013750 0.020000
