0 0.132500 0.126250 0.040000 0.042500
0 0.158750 0.042500 0.055000 0.040000
0 0.415000 0.278125 0.052500 0.051250
0 0.405000 0.160000 0.037500 0.047500
0 0.596875 0.938125 0.046250 0.051250
0 0.703750 0.460625 0.047500 0.043750
0 0.808750 0.492500 0.052500 0.050000
0 0.870000 0.640000 0.037500 0.060000
0 0.980625 0.500625 0.038750 0.046250
0 0.606875 0.113125 0.051250 0.043750
0 0.623750 0.064375 0.032500 0.033750
0 0.795000 0.856250 0.060000 0.050000
0 0.356875 0.818750 0.041250 0.035000
0 0.571875 0.424375 0.033750 0.021250
0 0.165625 0.458125 0.021250 0.028750
