0 0.058125 0.380625 0.056250 0.096250
0 0.101875 0.454375 0.033750 0.021250
0 0.095625 0.555625 0.043750 0.033750
0 0.241250 0.680000 0.040000 0.057500
0 0.134375 0.832500 0.031250 0.047500
0 0.196250 0.791250 0.035000 0.032500
0 0.163750 0.287500 0.030000 0.037500
0 0.212500 0.194375 0.070000 0.051250
0 0.038750 0.173750 0.042500 0.090000
0 0.206250 0.117500 0.050000 0.022500
0 0.155000 0.161875 0.022500 0.026250
0 0.231875 0.056875 0.036250 0.028750
0 0.010000 0.303750 0.017500 0.037500
0 0.469375 0.874375 0.058750 0.088750
0 0.546875 0.865625 0.038750 0.056250
0 0.630000 0.840625 0.037500 0.036250
0 0.517500 0.812500 0.032500 0.020000
0 0.598750 0.588750 0.035000 0.037500
0 0.385625 0.566250 0.041250 0.042500
0 0.689375 0.626250 0.046250 0.040000
0 0.730000 0.675625 0.035000 0.016250
0 0.676250 0.508125 0.047500 0.031250
0 0.614375 0.369375 0.033750 0.031250
0 0.516875 0.407500 0.031250 0.032500
0 0.538125 0.378750 0.026250 0.010000
0 0.401250 0.340625 0.047500 0.023750
0 0.504375 0.272500 0.028750 0.022500
0 0.638125 0.200000 0.056250 0.080000
0 0.395625 0.253750 0.026250 0.022500
0 0.425625 0.204375 0.023750 0.016250
0 0.772500 0.230625 0.060000 0.056250
0 0.820000 0.405625 0.035000 0.048750
0 0.841875 0.568125 0.033750 0.048750
0 0.963125 0.765000 0.046250 0.052500
0 0.957500 0.313125 0.085000 0.113750
0 0.991875 0.159375 0.016250 0.018750
0 0.846875 0.056875 0.033750 0.031250
