0 0.169375 0.573125 0.038750 0.066250
0 0.137500 0.406250 0.035000 0.027500
0 0.401875 0.849375 0.023750 0.031250
0 0.480625 0.967500 0.066250 0.052500
0 0.426250 0.617500 0.030000 0.045000
0 0.596875 0.678750 0.023750 0.027500
0 0.723750 0.670000 0.052500 0.052500
0 0.859375 0.634375 0.046250 0.036250
0 0.863125 0.223125 0.038750 0.036250
0 0.735000 0.268750 0.042500 0.042500
0 0.791250 0.319375 0.017500 0.021250
0 0.326875 0.041875 0.031250 0.018750
0 0.798750 0.854375 0.032500 0.036250
0 0.526875 0.818750 0.018750 0.030000
0 0.298125 0.949375 0.041250 0.048750
0 0.986250 0.587500 0.027500 0.025000
