0 0.390625 0.400625 0.051250 0.036250
0 0.480625 0.443125 0.041250 0.038750
0 0.263750 0.428125 0.032500 0.048750
0 0.391250 0.616250 0.045000 0.035000
0 0.432500 0.786875 0.035000 0.051250
0 0.443750 0.700000 0.037500 0.042500
0 0.573750 0.791250 0.025000 0.032500
0 0.670625 0.878125 0.031250 0.026250
0 0.752500 0.845000 0.037500 0.037500
0 0.791875 0.766875 0.066250 0.058750
0 0.844375 0.521250 0.028750 0.032500
0 0.786875 0.301250 0.053750 0.032500
0 0.938125 0.278125 0.028750 0.031250
0 0.853750 0.236250 0.025000 0.027500
0 0.316250 0.211250 0.037500 0.040000
0 0.365625 0.063125 0.028750 0.026250
0 0.376250 0.118750 0.037500 0.007500
0 0.008750 0.025625 0.015000 0.048750
