0 0.215625 0.500000 0.056250 0.055000
0 0.126875 0.678750 0.036250 0.025000
0 0.308750 0.678750 0.030000 0.030000
0 0.381250 0.598750 0.020000 0.030000
0 0.135000 0.519375 0.035000 0.016250
0 0.275625 0.212500 0.043750 0.040000
0 0.287500 0.047500 0.030000 0.027500
0 0.108750 0.963125 0.027500 0.043750
0 0.546250 0.904375 0.100000 0.091250
0 0.683750 0.940625 0.027500 0.033750
0 0.743750 0.930000 0.025000 0.035000
0 0.655000 0.876875 0.025000 0.026250
0 0.673750 0.792500 0.030000 0.017500
0 0.713750 0.676875 0.057500 0.058750
0 0.546875 0.481875 0.041250 0.033750
0 0.487500 0.348125 0.037500 0.028750
0 0.708125 0.325625 0.043750 0.036250
0 0.522500 0.196250 0.035000 0.042500
0 0.463750 0.086250 0.025000 0.047500
0 0.630625 0.016875 0.038750 0.031250
0 0.927500 0.374375 0.030000 0.023750
0 0.900000 0.710625 0.030000 0.028750
0 0.982500 0.349375 0.030000 0.028750
0 0.884375 0.193750 0.051250 0.030000
0 0.785000 0.154375 0.040000 0.038750
