0 0.066875 0.895000 0.046250 0.032500
0 0.220625 0.753750 0.043750 0.047500
0 0.195000 0.671875 0.032500 0.031250
0 0.055000 0.608125 0.050000 0.071250
0 0.161250 0.540625 0.087500 0.063750
0 0.350625 0.446875 0.033750 0.033750
0 0.196250 0.333750 0.052500 0.050000
0 0.094375 0.215000 0.038750 0.055000
0 0.234375 0.120625 0.036250 0.038750
0 0.097500 0.058125 0.025000 0.026250
0 0.221875 0.051250 0.021250 0.020000
0 0.325000 0.013125 0.017500 0.023750
0 0.578750 0.666250 0.045000 0.052500
0 0.658125 0.796875 0.051250 0.046250
0 0.434375 0.549375 0.036250 0.033750
0 0.455000 0.466875 0.035000 0.031250
0 0.658125 0.237500 0.076250 0.082500
0 0.561875 0.346250 0.048750 0.032500
0 0.705625 0.358125 0.023750 0.038750
0 0.649375 0.734375 0.036250 0.026250
0 0.985625 0.937500 0.028750 0.047500
0 0.932500 0.656875 0.027500 0.028750
0 0.905000 0.531875 0.047500 0.031250
0 0.849375 0.285000 0.043750 0.035000
0 0.893125 0.340625 0.038750 0.031250
0 0.951250 0.249375 0.050000 0.038750
0 0.600000 0.180625 0.030000 0.016250
0 0.553750 0.022500 0.022500 0.042500
0 0.691875 0.070625 0.081250 0.088750
0 0.753750 0.039375 0.020000 0.026250
0 0.832500 0.064375 0.027500 0.026250
0 0.785625 0.096250 0.031250 0.017500
0 0.085625 0.151875 0.036250 0.016250
0 0.012500 0.061875 0.022500 0.033750
0 0.853750 0.910000 0.025000 0.020000
0 0.770000 0.421875 0.020000 0.021250
0 0.692500 0.658750 0.030000 0.035000
0 0.392500 0.866250 0.027500 0.027500
0 0.358750 0.779375 0.022500 0.021250
0 0.451250 0.689375 0.025000 0.018750
