0 0.126250 0.671250 0.030000 0.027500
0 0.315000 0.672500 0.032500 0.032500
0 0.218125 0.504375 0.031250 0.031250
0 0.145000 0.519375 0.050000 0.016250
0 0.268750 0.214375 0.047500 0.026250
0 0.380000 0.598750 0.035000 0.020000
0 0.439375 0.670625 0.033750 0.011250
0 0.543125 0.487500 0.041250 0.030000
0 0.495625 0.342500 0.046250 0.030000
0 0.465000 0.083125 0.052500 0.051250
0 0.526875 0.197500 0.041250 0.035000
0 0.622500 0.014375 0.030000 0.026250
0 0.290625 0.048125 0.031250 0.026250
0 0.719375 0.678125 0.038750 0.073750
0 0.539375 0.908750 0.096250 0.100000
0 0.655625 0.874375 0.046250 0.041250
0 0.678125 0.939375 0.041250 0.036250
0 0.742500 0.943125 0.037500 0.048750
0 0.679375 0.792500 0.028750 0.025000
0 0.536250 0.844375 0.030000 0.021250
0 0.898125 0.706875 0.043750 0.031250
0 0.845000 0.375000 0.065000 0.075000
0 0.694375 0.308750 0.026250 0.027500
0 0.927500 0.365625 0.027500 0.026250
0 0.981250 0.354375 0.027500 0.021250
0 0.116250 0.965625 0.060000 0.068750
0 0.589375 0.188125 0.036250 0.026250
0 0.884375 0.195000 0.063750 0.050000
0 0.788750 0.153125 0.037500 0.028750
