0 0.096500 0.809667 0.033000 0.038000
0 0.129000 0.757000 0.045000 0.055333
0 0.087000 0.709667 0.029000 0.034000
0 0.114500 0.449000 0.027000 0.035333
0 0.191250 0.530000 0.022500 0.028000
0 0.159500 0.527667 0.019000 0.042000
0 0.093750 0.256333 0.019500 0.022000
0 0.118250 0.303333 0.011500 0.014667
0 0.134250 0.252667 0.026500 0.021333
0 0.121500 0.071333 0.017000 0.020000
0 0.151500 0.039333 0.030000 0.036000
0 0.103750 0.013667 0.014500 0.016667
0 0.013500 0.798333 0.017000 0.024667
0 0.013000 0.772667 0.019000 0.016000
0 0.048000 0.672333 0.011000 0.012667
0 0.025250 0.449333 0.017500 0.014667
0 0.229750 0.924333 0.019500 0.027333
0 0.283000 0.608667 0.024000 0.041333
0 0.201250 0.503667 0.016500 0.011333
0 0.264750 0.480667 0.021500 0.034667
0 0.259750 0.529333 0.020500 0.021333
0 0.255250 0.410667 0.011500 0.014667
0 0.269000 0.352333 0.009000 0.016667
0 0.292250 0.257333 0.016500 0.020000
0 0.425750 0.047000 0.041500 0.038000
0 0.467250 0.006667 0.018500 0.012000
0 0.448250 0.147000 0.015500 0.022000
0 0.382250 0.135667 0.012500 0.023333
0 0.405250 0.096333 0.011500 0.019333
0 0.372000 0.224000 0.022000 0.046667
0 0.419000 0.255000 0.037000 0.030000
0 0.455250 0.312667 0.018500 0.032000
0 0.412750 0.329333 0.018500 0.026667
0 0.460000 0.384000 0.017000 0.033333
0 0.496250 0.403000 0.010500 0.019333
0 0.510250 0.359333 0.016500 0.022667
0 0.528500 0.335000 0.016000 0.018000
0 0.548000 0.348333 0.012000 0.019333
0 0.560000 0.065333 0.021000 0.013333
0 0.446500 0.459000 0.019000 0.019333
0 0.353500 0.490667 0.030000 0.041333
0 0.376000 0.460000 0.011000 0.022667
0 0.344500 0.531667 0.008000 0.010000
0 0.437000 0.512333 0.018000 0.027333
0 0.485750 0.460000 0.013500 0.017333
0 0.376000 0.562333 0.010000 0.012667
0 0.399000 0.609333 0.023000 0.020000
0 0.439750 0.653667 0.015500 0.030000
0 0.430250 0.702667 0.020500 0.021333
0 0.393500 0.677667 0.017000 0.023333
0 0.675750 0.924667 0.015500 0.026667
0 0.538250 0.882667 0.013500 0.018667
0 0.552000 0.811333 0.015000 0.021333
0 0.544000 0.733333 0.015000 0.018667
0 0.605250 0.630667 0.026500 0.046667
0 0.631000 0.696667 0.024000 0.040000
0 0.576750 0.548333 0.021500 0.020667
0 0.551750 0.536000 0.010500 0.018667
0 0.628250 0.416667 0.022500 0.032000
0 0.653250 0.453000 0.009500 0.027333
0 0.586000 0.279667 0.016000 0.016667
0 0.683000 0.290333 0.015000 0.022000
0 0.541500 0.257000 0.012000 0.008667
0 0.683000 0.199667 0.015000 0.024667
0 0.680000 0.158000 0.022000 0.020000
0 0.787500 0.259667 0.046000 0.054000
0 0.643000 0.307333 0.013000 0.021333
0 0.734750 0.249333 0.016500 0.044000
0 0.710750 0.377000 0.014500 0.016667
0 0.716000 0.437333 0.009000 0.016000
0 0.724000 0.496000 0.015000 0.020000
0 0.832500 0.256000 0.013000 0.014667
0 0.858500 0.359333 0.025000 0.021333
0 0.847250 0.416000 0.026500 0.041333
0 0.863750 0.504667 0.019500 0.017333
0 0.899250 0.542667 0.028500 0.052000
0 0.830750 0.545333 0.024500 0.024000
0 0.763250 0.560000 0.018500 0.029333
0 0.823250 0.584667 0.023500 0.032000
0 0.840750 0.626000 0.026500 0.017333
0 0.848750 0.680333 0.016500 0.022000
0 0.879000 0.679333 0.026000 0.020000
0 0.809750 0.713667 0.031500 0.040667
0 0.823250 0.861000 0.031500 0.039333
0 0.852750 0.967000 0.028500 0.051333
0 0.794250 0.955667 0.015500 0.020667
0 0.719750 0.950333 0.012500 0.014000
0 0.936000 0.949333 0.035000 0.016000
0 0.941750 0.914333 0.013500 0.022000
0 0.959750 0.782667 0.014500 0.018667
0 0.946500 0.747000 0.012000 0.018000
0 0.955000 0.713667 0.013000 0.028667
0 0.919000 0.700333 0.017000 0.018000
0 0.915750 0.604667 0.012500 0.025333
0 0.912000 0.470333 0.012000 0.022000
0 0.979000 0.283333 0.016000 0.012000
0 0.748000 0.165333 0.026000 0.036000
0 0.792500 0.160333 0.023000 0.048667
0 0.774250 0.081000 0.030500 0.024667
0 0.747250 0.018667 0.038500 0.030667
0 0.830500 0.097667 0.051000 0.100667
0 0.887000 0.144333 0.026000 0.038000
0 0.868500 0.042333 0.014000 0.014000
