0 0.084250 0.279667 0.104500 0.134000
0 0.124500 0.016000 0.028000 0.022667
0 0.158500 0.097000 0.016000 0.012667
0 0.126750 0.105333 0.016500 0.022667
0 0.164750 0.153667 0.010500 0.015333
0 0.211000 0.185333 0.022000 0.024000
0 0.068750 0.438333 0.036500 0.028667
0 0.118250 0.426333 0.026500 0.031333
0 0.065000 0.487667 0.029000 0.022000
0 0.091500 0.590333 0.027000 0.043333
0 0.099250 0.720333 0.013500 0.027333
0 0.123250 0.800667 0.017500 0.012000
0 0.066750 0.838333 0.029500 0.014000
0 0.064000 0.926000 0.024000 0.020000
0 0.106250 0.992667 0.013500 0.014667
0 0.303750 0.910333 0.018500 0.018000
0 0.330500 0.859333 0.012000 0.024000
0 0.252500 0.620000 0.013000 0.018667
0 0.333500 0.718667 0.018000 0.018667
0 0.315000 0.367000 0.025000 0.027333
0 0.302500 0.274000 0.017000 0.030667
0 0.278250 0.102333 0.014500 0.023333
0 0.221000 0.808333 0.016000 0.022000
0 0.268250 0.788667 0.014500 0.016000
0 0.283750 0.837333 0.011500 0.009333
0 0.299750 0.522000 0.014500 0.016000
0 0.362750 0.043000 0.018500 0.027333
0 0.419250 0.051333 0.013500 0.024000
0 0.475500 0.056333 0.019000 0.035333
0 0.425750 0.010333 0.021500 0.019333
0 0.373250 0.306333 0.024500 0.028667
0 0.394500 0.353000 0.021000 0.030000
0 0.403500 0.389000 0.014000 0.026000
0 0.433750 0.477000 0.014500 0.022000
0 0.402750 0.506000 0.012500 0.014667
0 0.482750 0.419000 0.013500 0.016667
0 0.492000 0.386333 0.011000 0.011333
0 0.498750 0.413333 0.009500 0.008000
0 0.493500 0.485333 0.014000 0.021333
0 0.497250 0.461333 0.012500 0.010667
0 0.397500 0.617667 0.027000 0.028667
0 0.421250 0.731333 0.034500 0.046667
0 0.389750 0.670333 0.021500 0.027333
0 0.443500 0.651000 0.025000 0.022000
0 0.491000 0.698000 0.034000 0.032000
0 0.468000 0.747333 0.017000 0.017333
0 0.495000 0.784667 0.017000 0.014667
0 0.393750 0.814333 0.016500 0.027333
0 0.419750 0.920333 0.016500 0.024667
0 0.453750 0.876000 0.032500 0.054667
0 0.557250 0.937000 0.021500 0.014000
0 0.571250 0.981333 0.017500 0.030667
0 0.601000 0.944000 0.020000 0.034667
0 0.573250 0.819667 0.034500 0.055333
0 0.635250 0.879333 0.019500 0.020000
0 0.641000 0.934000 0.018000 0.029333
0 0.669250 0.954333 0.019500 0.014000
0 0.631500 0.664333 0.038000 0.030000
0 0.644750 0.784333 0.021500 0.031333
0 0.685250 0.749333 0.015500 0.022667
0 0.692500 0.823667 0.010000 0.018000
0 0.552000 0.588667 0.014000 0.021333
0 0.669000 0.582000 0.011000 0.017333
0 0.634750 0.497333 0.014500 0.013333
0 0.646250 0.543333 0.007500 0.014667
0 0.585500 0.358333 0.050000 0.068667
0 0.541750 0.367000 0.013500 0.018000
0 0.577750 0.428333 0.014500 0.018000
0 0.665500 0.404333 0.021000 0.024667
0 0.540750 0.277667 0.021500 0.018000
0 0.634500 0.220333 0.013000 0.012667
0 0.548750 0.174000 0.016500 0.017333
0 0.542000 0.131667 0.016000 0.024667
0 0.582000 0.116000 0.026000 0.028000
0 0.562500 0.008333 0.024000 0.011333
0 0.728000 0.092333 0.071000 0.046000
0 0.688750 0.202000 0.014500 0.017333
0 0.713750 0.211333 0.020500 0.033333
0 0.696250 0.259667 0.011500 0.028667
0 0.644500 0.308000 0.012000 0.020000
0 0.720750 0.328000 0.011500 0.020000
0 0.761250 0.384000 0.010500 0.018667
0 0.793500 0.361333 0.024000 0.017333
0 0.715750 0.422667 0.027500 0.034667
0 0.718250 0.635000 0.015500 0.019333
0 0.729500 0.695000 0.033000 0.051333
0 0.817000 0.688000 0.034000 0.048000
0 0.814750 0.557667 0.017500 0.020667
0 0.788250 0.788333 0.023500 0.030000
0 0.828750 0.757667 0.017500 0.020667
0 0.733250 0.808667 0.017500 0.030667
0 0.725000 0.880000 0.017000 0.016000
0 0.719000 0.935000 0.015000 0.016667
0 0.746750 0.622000 0.016500 0.025333
0 0.756250 0.567000 0.016500 0.022000
0 0.792250 0.234667 0.011500 0.020000
0 0.858750 0.131667 0.027500 0.032667
0 0.838750 0.192000 0.018500 0.026667
0 0.921500 0.212667 0.016000 0.029333
0 0.937500 0.254667 0.020000 0.034667
0 0.888500 0.257000 0.015000 0.023333
0 0.924000 0.376333 0.040000 0.091333
0 0.957000 0.376667 0.011000 0.026667
0 0.892500 0.311000 0.018000 0.011333
0 0.878750 0.394000 0.008500 0.021333
0 0.877250 0.450000 0.044500 0.049333
0 0.863750 0.517667 0.012500 0.022000
0 0.920500 0.489667 0.015000 0.022000
0 0.975500 0.453000 0.011000 0.020667
0 0.905000 0.675000 0.031000 0.031333
0 0.942250 0.621333 0.042500 0.021333
0 0.944750 0.663667 0.026500 0.022000
0 0.989000 0.630333 0.018000 0.018000
0 0.948000 0.749333 0.018000 0.013333
0 0.907500 0.793667 0.036000 0.031333
0 0.892000 0.716667 0.013000 0.017333
0 0.906500 0.850000 0.023000 0.020000
0 0.960000 0.852667 0.057000 0.057333
0 0.897250 0.908333 0.016500 0.020667
0 0.827250 0.834333 0.016500 0.026000
0 0.757250 0.850667 0.036500 0.036000
0 0.753750 0.947333 0.008500 0.026667
0 0.812250 0.912333 0.017500 0.027333
0 0.799500 0.993000 0.015000 0.014000
0 0.901750 0.970667 0.015500 0.016000
0 0.976500 0.957667 0.020000 0.055333
0 0.625000 0.008667 0.017000 0.016000
0 0.889750 0.027000 0.017500 0.016667
