0 0.102250 0.107000 0.078500 0.188667
0 0.014500 0.044333 0.022000 0.034000
0 0.064000 0.273333 0.028000 0.032000
0 0.056250 0.232000 0.024500 0.018667
0 0.068250 0.484000 0.059500 0.082667
0 0.118750 0.338667 0.030500 0.106667
0 0.132750 0.257000 0.037500 0.022000
0 0.062000 0.608667 0.038000 0.028000
0 0.036500 0.652667 0.021000 0.014667
0 0.119750 0.600333 0.028500 0.071333
0 0.055500 0.791333 0.049000 0.066667
0 0.055000 0.722333 0.010000 0.011333
0 0.101250 0.717333 0.033500 0.049333
0 0.065250 0.936333 0.027500 0.082000
0 0.110750 0.829333 0.023500 0.084000
0 0.103500 0.922333 0.032000 0.034000
0 0.232250 0.052667 0.059500 0.073333
0 0.222000 0.225667 0.041000 0.059333
0 0.270750 0.211000 0.024500 0.035333
0 0.288500 0.155333 0.017000 0.024000
0 0.282250 0.086000 0.023500 0.021333
0 0.222500 0.292333 0.026000 0.039333
0 0.181000 0.284000 0.015000 0.030667
0 0.201750 0.160333 0.032500 0.036667
0 0.202500 0.433000 0.017000 0.034000
0 0.256500 0.352000 0.015000 0.048000
0 0.192750 0.489667 0.051500 0.036667
0 0.265500 0.417000 0.020000 0.034000
0 0.259250 0.496000 0.019500 0.068000
0 0.295750 0.338000 0.012500 0.016000
0 0.284000 0.383000 0.006000 0.006000
0 0.114000 0.649000 0.014000 0.015333
0 0.046750 0.694333 0.011500 0.010000
0 0.061750 0.861667 0.020500 0.019333
0 0.020500 0.882333 0.012000 0.022000
0 0.229000 0.582333 0.026000 0.063333
0 0.171500 0.603667 0.025000 0.031333
0 0.191500 0.714667 0.025000 0.030667
0 0.269000 0.663333 0.017000 0.032000
0 0.203000 0.661000 0.028000 0.027333
0 0.164000 0.849000 0.027000 0.028667
0 0.217750 0.806333 0.024500 0.027333
0 0.184250 0.790000 0.019500 0.024000
0 0.230000 0.741000 0.013000 0.024667
0 0.196250 0.885000 0.059500 0.056667
0 0.206500 0.956667 0.047000 0.030667
0 0.236750 0.985667 0.011500 0.027333
0 0.264500 0.965000 0.024000 0.019333
0 0.259250 0.908667 0.010500 0.016000
0 0.243000 0.811667 0.013000 0.016667
0 0.396000 0.012333 0.037000 0.023333
0 0.365750 0.054667 0.021500 0.025333
0 0.410750 0.048000 0.014500 0.017333
0 0.383000 0.162667 0.059000 0.049333
0 0.387250 0.282667 0.018500 0.036000
0 0.370250 0.439667 0.018500 0.055333
0 0.353000 0.528667 0.027000 0.034667
0 0.339250 0.679333 0.025500 0.045333
0 0.373250 0.637000 0.017500 0.024667
0 0.339750 0.593333 0.019500 0.022667
0 0.400000 0.668000 0.018000 0.022667
0 0.428500 0.655333 0.013000 0.013333
0 0.336250 0.820333 0.028500 0.034000
0 0.365750 0.881000 0.036500 0.039333
0 0.363750 0.916667 0.027500 0.026667
0 0.370250 0.769000 0.011500 0.016667
0 0.398000 0.517667 0.012000 0.016667
0 0.421500 0.431333 0.027000 0.026667
0 0.548000 0.983333 0.048000 0.032000
0 0.534750 0.890333 0.018500 0.026000
0 0.568500 0.813333 0.034000 0.028000
0 0.537250 0.757667 0.037500 0.034000
0 0.594500 0.493333 0.019000 0.017333
0 0.606000 0.421000 0.024000 0.022000
0 0.519500 0.408000 0.014000 0.046667
0 0.604750 0.346333 0.019500 0.022000
0 0.492000 0.315667 0.032000 0.044667
0 0.507750 0.177667 0.025500 0.050000
0 0.610250 0.031333 0.024500 0.037333
0 0.686500 0.036667 0.013000 0.020000
0 0.676250 0.171333 0.029500 0.028000
0 0.745500 0.123667 0.027000 0.035333
0 0.772250 0.065333 0.019500 0.032000
0 0.736000 0.614000 0.013000 0.022667
0 0.689250 0.747333 0.010500 0.026667
0 0.793000 0.537000 0.030000 0.035333
0 0.723000 0.814667 0.016000 0.029333
0 0.795250 0.764000 0.023500 0.036000
0 0.793000 0.683000 0.009000 0.016667
0 0.742500 0.895333 0.018000 0.017333
0 0.719500 0.376667 0.014000 0.017333
0 0.699000 0.968000 0.017000 0.029333
0 0.876750 0.926667 0.012500 0.022667
0 0.913250 0.846667 0.029500 0.040000
0 0.876000 0.825333 0.018000 0.040000
0 0.911000 0.664333 0.019000 0.028667
0 0.856250 0.571333 0.016500 0.012000
0 0.894000 0.527000 0.020000 0.018000
0 0.955750 0.426000 0.014500 0.030667
0 0.863000 0.419333 0.023000 0.044000
0 0.859750 0.319667 0.012500 0.026000
0 0.912000 0.297333 0.031000 0.046667
0 0.848750 0.256000 0.023500 0.032000
0 0.873250 0.154000 0.017500 0.028000
