0 0.039000 0.038000 0.022000 0.021333
0 0.011250 0.135000 0.018500 0.022000
0 0.071000 0.082667 0.026000 0.017333
0 0.100750 0.114000 0.017500 0.014667
0 0.070000 0.158333 0.018000 0.024667
0 0.112750 0.181333 0.025500 0.021333
0 0.079500 0.223000 0.023000 0.022000
0 0.076750 0.278000 0.031500 0.072000
0 0.113250 0.240667 0.021500 0.052000
0 0.079000 0.353000 0.020000 0.020667
0 0.108750 0.351667 0.022500 0.022000
0 0.138000 0.338000 0.009000 0.016000
0 0.061000 0.427000 0.014000 0.011333
0 0.088000 0.410333 0.023000 0.042000
0 0.128500 0.419000 0.031000 0.039333
0 0.109250 0.439333 0.011500 0.018667
0 0.076750 0.452000 0.023500 0.018667
0 0.042000 0.505000 0.026000 0.014000
0 0.073750 0.491667 0.022500 0.035333
0 0.104250 0.506667 0.016500 0.034667
0 0.112750 0.472333 0.011500 0.012667
0 0.135250 0.465333 0.015500 0.016000
0 0.165750 0.463000 0.020500 0.016667
0 0.050750 0.317333 0.017500 0.016000
0 0.088000 0.663000 0.039000 0.058000
0 0.082750 0.577667 0.031500 0.060667
0 0.131000 0.577000 0.033000 0.080667
0 0.154750 0.637333 0.020500 0.018667
0 0.198750 0.616667 0.020500 0.026667
0 0.139000 0.689667 0.010000 0.018000
0 0.084250 0.832333 0.015500 0.030000
0 0.108250 0.894000 0.013500 0.025333
0 0.114750 0.976333 0.025500 0.027333
0 0.165500 0.947000 0.024000 0.012667
0 0.260000 0.973333 0.027000 0.040000
0 0.219500 0.931333 0.010000 0.014667
0 0.263000 0.884667 0.030000 0.052000
0 0.306750 0.879000 0.034500 0.064667
0 0.235500 0.734333 0.024000 0.023333
0 0.239500 0.863000 0.016000 0.016667
0 0.248250 0.836333 0.011500 0.010000
0 0.223750 0.822333 0.022500 0.015333
0 0.262750 0.644667 0.026500 0.014667
0 0.272750 0.567667 0.029500 0.063333
0 0.207500 0.548667 0.023000 0.054667
0 0.167250 0.553000 0.016500 0.011333
0 0.204000 0.485333 0.034000 0.037333
0 0.223750 0.427000 0.025500 0.044667
0 0.275500 0.447667 0.035000 0.027333
0 0.288750 0.500000 0.015500 0.017333
0 0.285000 0.369000 0.019000 0.022000
0 0.260250 0.295000 0.028500 0.026000
0 0.218500 0.310000 0.011000 0.012000
0 0.185250 0.291333 0.010500 0.014667
0 0.220000 0.261667 0.028000 0.030000
0 0.250750 0.213000 0.045500 0.047333
0 0.200000 0.220667 0.023000 0.017333
0 0.189750 0.165667 0.027500 0.034000
0 0.234250 0.163000 0.013500 0.023333
0 0.261250 0.137667 0.015500 0.027333
0 0.197000 0.020000 0.020000 0.024000
0 0.240750 0.074667 0.017500 0.022667
0 0.195000 0.079333 0.026000 0.029333
0 0.145500 0.046333 0.014000 0.007333
0 0.302250 0.061667 0.014500 0.020667
0 0.361000 0.041333 0.040000 0.012000
0 0.309250 0.038333 0.011500 0.011333
0 0.425500 0.064667 0.017000 0.010667
0 0.299000 0.166333 0.016000 0.012667
0 0.431500 0.156667 0.023000 0.036000
0 0.390000 0.365000 0.032000 0.027333
0 0.412500 0.321667 0.017000 0.019333
0 0.437750 0.336667 0.012500 0.017333
0 0.397000 0.449333 0.013000 0.029333
0 0.372250 0.585333 0.029500 0.034667
0 0.368500 0.663333 0.025000 0.057333
0 0.337500 0.689000 0.022000 0.028667
0 0.403750 0.535333 0.015500 0.024000
0 0.421000 0.582000 0.013000 0.020000
0 0.352500 0.747000 0.020000 0.027333
0 0.417500 0.732000 0.046000 0.057333
0 0.460750 0.683000 0.010500 0.018000
0 0.430500 0.678000 0.014000 0.021333
0 0.401750 0.790667 0.015500 0.020000
0 0.385500 0.765667 0.011000 0.020667
0 0.446250 0.793667 0.021500 0.026000
0 0.468500 0.810667 0.011000 0.014667
0 0.452250 0.852000 0.022500 0.030667
0 0.352500 0.813667 0.013000 0.023333
0 0.410000 0.909333 0.031000 0.072000
0 0.443500 0.974000 0.040000 0.037333
0 0.519750 0.808333 0.009500 0.022000
0 0.584250 0.939667 0.042500 0.095333
0 0.540000 0.964667 0.016000 0.022667
0 0.629500 0.934333 0.019000 0.042000
0 0.628750 0.840333 0.030500 0.046000
0 0.604750 0.815667 0.008500 0.016667
0 0.611000 0.764000 0.015000 0.033333
0 0.625750 0.729000 0.015500 0.027333
0 0.585250 0.747333 0.015500 0.017333
0 0.577250 0.701333 0.012500 0.013333
0 0.606500 0.677000 0.024000 0.022000
0 0.567750 0.656667 0.019500 0.024000
0 0.548000 0.666667 0.012000 0.016000
0 0.489250 0.666000 0.011500 0.022667
0 0.569500 0.605333 0.025000 0.020000
0 0.496750 0.527667 0.009500 0.010000
0 0.560250 0.502333 0.015500 0.011333
0 0.581250 0.569000 0.011500 0.022000
0 0.561750 0.426333 0.024500 0.024667
0 0.492250 0.431667 0.010500 0.024667
0 0.503750 0.353333 0.018500 0.029333
0 0.533250 0.279333 0.026500 0.030667
0 0.587750 0.246333 0.027500 0.030000
0 0.625000 0.243333 0.006000 0.018667
0 0.516000 0.217000 0.024000 0.040667
0 0.532750 0.183667 0.018500 0.022000
0 0.495500 0.163333 0.013000 0.014667
0 0.604000 0.084000 0.018000 0.028000
0 0.581500 0.036667 0.025000 0.030667
0 0.502750 0.044000 0.015500 0.029333
0 0.482250 0.036000 0.013500 0.017333
0 0.633500 0.049667 0.015000 0.015333
0 0.683250 0.158000 0.014500 0.016000
0 0.694750 0.245000 0.025500 0.036667
0 0.711500 0.327667 0.011000 0.016667
0 0.681000 0.332000 0.013000 0.016000
0 0.718500 0.399667 0.016000 0.015333
0 0.737000 0.451667 0.023000 0.024667
0 0.708750 0.442000 0.009500 0.018667
0 0.679500 0.482667 0.019000 0.016000
0 0.702750 0.636333 0.050500 0.042000
0 0.729000 0.764000 0.041000 0.024000
0 0.772000 0.814667 0.019000 0.024000
0 0.728750 0.811667 0.017500 0.024667
0 0.705250 0.850667 0.021500 0.022667
0 0.717000 0.908000 0.022000 0.032000
0 0.690500 0.912667 0.015000 0.036000
0 0.761000 0.873000 0.011000 0.016667
0 0.985000 0.939333 0.014000 0.026667
0 0.866250 0.893000 0.018500 0.027333
0 0.895250 0.806000 0.020500 0.021333
0 0.974250 0.795667 0.019500 0.024667
0 0.988000 0.822667 0.010000 0.014667
0 0.898000 0.708000 0.019000 0.034667
0 0.966750 0.684333 0.008500 0.015333
0 0.898250 0.577333 0.026500 0.020000
0 0.988750 0.609000 0.014500 0.024667
0 0.922000 0.481333 0.048000 0.053333
0 0.869750 0.484000 0.013500 0.016000
0 0.814750 0.489667 0.011500 0.016667
0 0.861250 0.422333 0.014500 0.020667
0 0.945750 0.288000 0.018500 0.022667
0 0.900000 0.167667 0.015000 0.024667
0 0.845500 0.128333 0.017000 0.019333
0 0.943500 0.134667 0.013000 0.017333
0 0.974750 0.153000 0.017500 0.019333
0 0.903000 0.017333 0.016000 0.010667
0 0.507750 0.576667 0.007500 0.022667
0 0.005000 0.715333 0.009000 0.036000
