0 0.092750 0.535667 0.053500 0.075333
0 0.055500 0.789333 0.028000 0.069333
0 0.068250 0.701000 0.019500 0.026000
0 0.130000 0.603667 0.019000 0.018000
0 0.045250 0.911667 0.045500 0.047333
0 0.109750 0.463333 0.051500 0.041333
0 0.045000 0.408000 0.013000 0.024000
0 0.009250 0.349000 0.017500 0.031333
0 0.098750 0.073333 0.026500 0.036000
0 0.267250 0.131333 0.027500 0.018667
0 0.353750 0.041333 0.022500 0.028000
0 0.269000 0.553333 0.018000 0.017333
0 0.290500 0.511333 0.019000 0.021333
0 0.255500 0.477667 0.011000 0.010000
0 0.325250 0.664000 0.030500 0.020000
0 0.484250 0.594000 0.017500 0.016000
0 0.514500 0.607333 0.020000 0.020000
0 0.406500 0.169667 0.032000 0.038000
0 0.395500 0.231667 0.029000 0.028667
0 0.382500 0.296000 0.016000 0.013333
0 0.465250 0.024333 0.025500 0.034000
0 0.522500 0.028000 0.028000 0.024000
0 0.504500 0.748333 0.011000 0.030000
0 0.500750 0.986000 0.013500 0.017333
0 0.564000 0.735000 0.015000 0.008667
0 0.798000 0.913000 0.038000 0.052667
0 0.748750 0.503333 0.024500 0.024000
0 0.763750 0.057333 0.058500 0.089333
0 0.620000 0.296000 0.016000 0.021333
0 0.632000 0.170000 0.017000 0.024000
0 0.691250 0.145000 0.011500 0.016667
0 0.652250 0.370667 0.021500 0.020000
0 0.620250 0.399333 0.008500 0.018667
0 0.958750 0.895667 0.027500 0.055333
0 0.928750 0.962000 0.044500 0.065333
0 0.907000 0.783333 0.012000 0.025333
0 0.952250 0.764667 0.021500 0.028000
0 0.945250 0.812333 0.028500 0.024667
0 0.828000 0.589000 0.017000 0.026000
0 0.897250 0.211000 0.025500 0.027333
0 0.957500 0.218000 0.021000 0.024000
0 0.819250 0.083333 0.012500 0.029333
0 0.841000 0.122000 0.018000 0.020000
0 0.994250 0.196333 0.011500 0.020667
0 0.979750 0.048333 0.040500 0.064667
0 0.901000 0.013333 0.035000 0.025333
0 0.982750 0.707333 0.020500 0.021333
