0 0.019250 0.431000 0.035500 0.090000
0 0.055250 0.540667 0.036500 0.058667
0 0.013000 0.175667 0.018000 0.023333
0 0.013000 0.236667 0.015000 0.025333
0 0.052500 0.310667 0.033000 0.045333
0 0.043750 0.093667 0.046500 0.043333
0 0.021000 0.680667 0.041000 0.072000
0 0.105500 0.567667 0.015000 0.019333
0 0.133000 0.621667 0.047000 0.031333
0 0.200250 0.824667 0.051500 0.177333
0 0.154000 0.863667 0.026000 0.031333
0 0.110500 0.430000 0.023000 0.048000
0 0.140000 0.022667 0.067000 0.029333
0 0.183500 0.233667 0.016000 0.022000
0 0.105250 0.201667 0.017500 0.019333
0 0.154250 0.186667 0.020500 0.020000
0 0.182750 0.177667 0.014500 0.022000
0 0.172750 0.132667 0.033500 0.033333
0 0.118000 0.165667 0.023000 0.020667
0 0.165500 0.481667 0.028000 0.036667
0 0.193000 0.563667 0.017000 0.023333
0 0.130250 0.692667 0.018500 0.026667
0 0.115250 0.518667 0.020500 0.036000
0 0.163750 0.393667 0.060500 0.078000
0 0.270000 0.069000 0.099000 0.136667
0 0.287500 0.240667 0.076000 0.182667
0 0.238500 0.384667 0.031000 0.034667
0 0.257500 0.544667 0.050000 0.198667
0 0.313500 0.429000 0.042000 0.118000
0 0.316750 0.595667 0.063500 0.123333
0 0.266750 0.709667 0.054500 0.088667
0 0.307750 0.681667 0.017500 0.027333
0 0.332250 0.761667 0.051500 0.038000
0 0.266500 0.854667 0.018000 0.029333
0 0.292250 0.957667 0.055500 0.084667
0 0.328500 0.873667 0.056000 0.058000
0 0.410500 0.067667 0.120000 0.131333
0 0.502750 0.046667 0.018500 0.026667
0 0.440000 0.165667 0.036000 0.044667
0 0.498500 0.170667 0.050000 0.077333
0 0.411750 0.204667 0.020500 0.021333
0 0.374500 0.279000 0.025000 0.042000
0 0.494500 0.377667 0.070000 0.308667
0 0.412750 0.398000 0.079500 0.144000
0 0.377500 0.504000 0.019000 0.024000
0 0.422750 0.512667 0.014500 0.018667
0 0.403000 0.593667 0.046000 0.048667
0 0.496750 0.672667 0.080500 0.229333
0 0.412250 0.789000 0.047500 0.102000
0 0.449000 0.720667 0.016000 0.026667
0 0.478250 0.834667 0.061500 0.069333
0 0.466000 0.944667 0.042000 0.025333
0 0.524750 0.907667 0.020500 0.027333
0 0.482500 0.991000 0.035000 0.018000
0 0.398750 0.942667 0.018500 0.024000
0 0.580500 0.945667 0.014000 0.022000
0 0.633250 0.953667 0.028500 0.024667
0 0.582750 0.889667 0.019500 0.023333
0 0.610500 0.751667 0.036000 0.023333
0 0.586750 0.798667 0.026500 0.042667
0 0.647250 0.854667 0.066500 0.118667
0 0.657250 0.777667 0.024500 0.027333
0 0.637250 0.715667 0.025500 0.027333
0 0.665000 0.649667 0.035000 0.111333
0 0.578500 0.604667 0.013000 0.017333
0 0.590250 0.657667 0.016500 0.023333
0 0.613000 0.593667 0.034000 0.038000
0 0.645000 0.526667 0.033000 0.053333
0 0.649250 0.458000 0.038500 0.068000
0 0.610500 0.458667 0.020000 0.057333
0 0.573500 0.504667 0.046000 0.056000
0 0.568500 0.344667 0.046000 0.110667
0 0.634250 0.328667 0.064500 0.048000
0 0.641000 0.236667 0.023000 0.080000
0 0.619250 0.117667 0.084500 0.134000
0 0.612000 0.239667 0.022000 0.023333
0 0.577750 0.268000 0.016500 0.020000
0 0.747000 0.036667 0.029000 0.069333
0 0.784000 0.094667 0.037000 0.032000
0 0.799250 0.036667 0.034500 0.032000
0 0.835750 0.070667 0.020500 0.117333
0 0.730750 0.168667 0.017500 0.054667
0 0.819250 0.173667 0.017500 0.024667
0 0.759750 0.163000 0.011500 0.018000
0 0.820750 0.308667 0.040500 0.116000
0 0.733500 0.390000 0.020000 0.036000
0 0.721750 0.508667 0.022500 0.022667
0 0.745000 0.476667 0.021000 0.038667
0 0.799000 0.580667 0.085000 0.106667
0 0.730500 0.632667 0.040000 0.105333
0 0.814750 0.772667 0.036500 0.066667
0 0.778750 0.818667 0.029500 0.038667
0 0.790500 0.941667 0.123000 0.116667
0 0.887250 0.702667 0.020500 0.030667
0 0.900250 0.623667 0.030500 0.038000
0 0.901750 0.137667 0.043500 0.059333
0 0.892500 0.259667 0.034000 0.072667
0 0.941250 0.928667 0.059500 0.072000
0 0.965750 0.762667 0.016500 0.024000
0 0.962750 0.667667 0.064500 0.051333
0 0.974750 0.326667 0.015500 0.037333
0 0.972000 0.478667 0.046000 0.092000
0 0.749500 0.321667 0.014000 0.022000
0 0.034750 0.901667 0.022500 0.070000
0 0.090250 0.951333 0.024500 0.054667
0 0.870500 0.063333 0.013000 0.072000
0 0.974250 0.060333 0.028500 0.100667
0 0.940500 0.174000 0.013000 0.018667
0 0.942750 0.217000 0.042500 0.036667
0 0.901750 0.862667 0.054500 0.042667
0 0.974000 0.842000 0.033000 0.069333
0 0.843250 0.468667 0.011500 0.045333
0 0.753000 0.273000 0.069000 0.035333
0 0.853500 0.160667 0.013000 0.025333
0 0.870250 0.379000 0.021500 0.023333
0 0.863000 0.350000 0.023000 0.026667
0 0.902750 0.335667 0.013500 0.030000
0 0.885500 0.447000 0.015000 0.016667
0 0.858750 0.758333 0.040500 0.020667
0 0.907750 0.745000 0.023500 0.031333
0 0.789500 0.656333 0.032000 0.035333
0 0.616000 0.022667 0.066000 0.042667
