0 0.050000 0.061667 0.056000 0.100667
0 0.060250 0.192667 0.085500 0.113333
0 0.067500 0.353667 0.083000 0.159333
0 0.049750 0.510667 0.024500 0.068000
0 0.089250 0.547667 0.021500 0.031333
0 0.087750 0.488667 0.018500 0.037333
0 0.115500 0.593667 0.016000 0.026000
0 0.124500 0.896667 0.074000 0.054667
0 0.120750 0.740667 0.041500 0.069333
0 0.158750 0.039667 0.038500 0.071333
0 0.211000 0.128667 0.060000 0.088000
0 0.191750 0.252667 0.027500 0.033333
0 0.139750 0.278667 0.015500 0.024000
0 0.202750 0.613667 0.036500 0.056667
0 0.255000 0.730667 0.031000 0.068000
0 0.223250 0.820000 0.017500 0.020000
0 0.231500 0.934667 0.088000 0.092000
0 0.313000 0.010667 0.038000 0.016000
0 0.362500 0.054000 0.019000 0.028000
0 0.321500 0.302667 0.025000 0.037333
0 0.357000 0.311667 0.017000 0.068667
0 0.324500 0.529667 0.084000 0.140667
0 0.328500 0.723667 0.028000 0.024667
0 0.374500 0.972667 0.103000 0.046667
0 0.376000 0.733667 0.039000 0.055333
0 0.346750 0.872667 0.014500 0.024000
0 0.412750 0.043667 0.015500 0.023333
0 0.509000 0.436667 0.026000 0.096000
0 0.448500 0.770667 0.023000 0.030667
0 0.524000 0.696667 0.050000 0.093333
0 0.500250 0.814000 0.017500 0.016000
0 0.538500 0.800667 0.018000 0.020000
0 0.495000 0.890667 0.016000 0.018667
0 0.580750 0.150667 0.020500 0.026667
0 0.568500 0.220000 0.022000 0.024000
0 0.635250 0.206667 0.088500 0.066667
0 0.630750 0.145667 0.028500 0.043333
0 0.675750 0.384000 0.036500 0.044000
0 0.624500 0.588667 0.018000 0.024000
0 0.594750 0.404667 0.014500 0.022667
0 0.621500 0.800667 0.060000 0.085333
0 0.679750 0.764667 0.030500 0.048000
0 0.694250 0.882000 0.039500 0.104000
0 0.590500 0.936000 0.011000 0.024000
0 0.647250 0.640667 0.090500 0.057333
0 0.612000 0.538667 0.068000 0.030667
0 0.807500 0.083667 0.032000 0.051333
0 0.736000 0.050667 0.031000 0.093333
0 0.744000 0.315000 0.028000 0.070000
0 0.718750 0.226667 0.016500 0.026667
0 0.841250 0.310667 0.018500 0.034667
0 0.773500 0.462667 0.050000 0.061333
0 0.832750 0.444667 0.026500 0.061333
0 0.794000 0.536000 0.013000 0.020000
0 0.835500 0.594667 0.014000 0.026667
0 0.770750 0.667667 0.074500 0.095333
0 0.770750 0.777667 0.022500 0.024667
0 0.794250 0.923667 0.094500 0.040667
0 0.830750 0.851667 0.072500 0.079333
0 0.904500 0.060667 0.058000 0.030667
0 0.913250 0.161667 0.086500 0.031333
0 0.881500 0.290667 0.014000 0.018667
0 0.955250 0.269667 0.069500 0.038000
0 0.938750 0.467667 0.078500 0.062000
0 0.896750 0.658667 0.014500 0.028000
0 0.942250 0.612667 0.048500 0.054667
0 0.956000 0.909667 0.024000 0.072667
0 0.920000 0.922667 0.032000 0.033333
0 0.979750 0.693667 0.018500 0.026000
0 0.993000 0.768667 0.014000 0.026667
0 0.429000 0.333667 0.013000 0.016667
0 0.382500 0.390000 0.011000 0.013333
0 0.387000 0.434000 0.019000 0.042667
0 0.392750 0.655667 0.022500 0.066000
0 0.422500 0.706000 0.021000 0.048000
0 0.399500 0.930000 0.026000 0.022667
0 0.510750 0.937000 0.027500 0.014000
0 0.549750 0.968667 0.018500 0.030667
0 0.459250 0.689333 0.035500 0.048000
0 0.456500 0.140667 0.011000 0.014667
0 0.484750 0.107667 0.012500 0.020667
0 0.515250 0.136667 0.016500 0.032000
0 0.512750 0.580000 0.026500 0.022667
0 0.523750 0.545000 0.012500 0.015333
0 0.617250 0.063333 0.016500 0.020000
0 0.654500 0.062667 0.011000 0.017333
0 0.583000 0.345333 0.029000 0.022667
0 0.533250 0.307333 0.025500 0.045333
0 0.578750 0.466000 0.035500 0.040000
0 0.618750 0.494667 0.056500 0.030667
0 0.668000 0.449333 0.025000 0.025333
0 0.624500 0.449333 0.004000 0.009333
0 0.643250 0.299333 0.053500 0.052000
0 0.568500 0.652667 0.029000 0.049333
0 0.629250 0.913667 0.039500 0.060667
0 0.621750 0.984000 0.020500 0.016000
0 0.875500 0.984000 0.015000 0.024000
0 0.733750 0.862000 0.012500 0.020000
0 0.756000 0.851333 0.013000 0.024000
0 0.782500 0.237000 0.019000 0.036667
0 0.789500 0.166667 0.020000 0.012000
0 0.741250 0.168333 0.019500 0.038000
0 0.703500 0.189333 0.009000 0.022667
0 0.721750 0.625667 0.008500 0.014000
0 0.766750 0.584000 0.015500 0.024000
0 0.721500 0.554000 0.008000 0.005333
0 0.731000 0.438000 0.008000 0.013333
0 0.887250 0.564333 0.017500 0.031333
0 0.839750 0.503000 0.010500 0.019333
0 0.925750 0.526667 0.040500 0.034667
0 0.841250 0.696667 0.021500 0.029333
0 0.820000 0.670667 0.009000 0.016000
0 0.957750 0.779667 0.026500 0.047333
0 0.957250 0.984333 0.021500 0.023333
0 0.864250 0.620000 0.032500 0.013333
0 0.983250 0.381000 0.026500 0.084667
0 0.969000 0.065667 0.043000 0.106000
0 0.858750 0.009000 0.015500 0.012667
0 0.792750 0.020000 0.031500 0.029333
0 0.795000 0.349333 0.020000 0.029333
0 0.895750 0.862667 0.007500 0.017333
0 0.635750 0.404667 0.012500 0.017333
0 0.920000 0.387000 0.020000 0.019333
0 0.979500 0.153667 0.018000 0.022000
0 0.747000 0.988000 0.006000 0.024000
0 0.784000 0.969333 0.034000 0.038667
0 0.847000 0.972000 0.013000 0.017333
0 0.028500 0.958667 0.037000 0.041333
0 0.019250 0.857667 0.025500 0.083333
0 0.192750 0.370667 0.040500 0.045333
0 0.225500 0.316333 0.017000 0.014000
0 0.274750 0.157000 0.036500 0.052667
