0 0.049500 0.071667 0.033000 0.032667
0 0.055500 0.008333 0.030000 0.015333
0 0.038500 0.260333 0.074000 0.083333
0 0.005250 0.468333 0.009500 0.056667
0 0.065750 0.448333 0.024500 0.028667
0 0.068250 0.631333 0.025500 0.037333
0 0.034500 0.525333 0.017000 0.022667
0 0.039000 0.922333 0.067000 0.144667
0 0.016000 0.752000 0.030000 0.028000
0 0.041250 0.677333 0.026500 0.021333
0 0.179250 0.925667 0.041500 0.030000
0 0.170500 0.869000 0.019000 0.024667
0 0.216000 0.849000 0.034000 0.035333
0 0.161500 0.798000 0.029000 0.049333
0 0.140250 0.645000 0.058500 0.086000
0 0.194250 0.536000 0.058500 0.112000
0 0.123500 0.474000 0.036000 0.100000
0 0.162000 0.425000 0.021000 0.030000
0 0.218500 0.400000 0.034000 0.025333
0 0.158250 0.129333 0.079500 0.121333
0 0.190750 0.016000 0.025500 0.025333
0 0.239500 0.049667 0.028000 0.034000
0 0.152750 0.300000 0.020500 0.024000
0 0.335250 0.201333 0.070500 0.065333
0 0.396750 0.312333 0.025500 0.036667
0 0.343250 0.392333 0.067500 0.060667
0 0.333250 0.489000 0.046500 0.070000
0 0.293000 0.609000 0.034000 0.054000
0 0.278750 0.734333 0.023500 0.024667
0 0.327500 0.739000 0.052000 0.099333
0 0.389000 0.790333 0.042000 0.104667
0 0.425250 0.726000 0.022500 0.021333
0 0.318750 0.883333 0.073500 0.126667
0 0.333250 0.979000 0.080500 0.042000
0 0.276250 0.804667 0.015500 0.025333
0 0.480500 0.842667 0.044000 0.048000
0 0.534750 0.713667 0.058500 0.147333
0 0.541500 0.938667 0.053000 0.112000
0 0.466250 0.714333 0.042500 0.118000
0 0.491250 0.543667 0.039500 0.054000
0 0.550750 0.474000 0.052500 0.173333
0 0.553000 0.600333 0.033000 0.019333
0 0.472000 0.328333 0.050000 0.075333
0 0.515000 0.195333 0.030000 0.026667
0 0.535500 0.102667 0.068000 0.068000
0 0.511500 0.021333 0.029000 0.028000
0 0.560750 0.349333 0.021500 0.045333
0 0.681500 0.026667 0.067000 0.024000
0 0.673500 0.209333 0.113000 0.112000
0 0.694500 0.104000 0.052000 0.042667
0 0.640250 0.312333 0.060500 0.054000
0 0.716500 0.353000 0.031000 0.032667
0 0.650750 0.459000 0.062500 0.072667
0 0.693250 0.557333 0.041500 0.044000
0 0.722250 0.650000 0.024500 0.025333
0 0.722500 0.775333 0.049000 0.072000
0 0.620750 0.794667 0.024500 0.040000
0 0.629500 0.939000 0.090000 0.102000
0 0.703500 0.917667 0.019000 0.034000
0 0.774000 0.913000 0.029000 0.035333
0 0.833750 0.899667 0.045500 0.142000
0 0.836000 0.711333 0.065000 0.154667
0 0.764500 0.854000 0.014000 0.020000
0 0.837000 0.542667 0.069000 0.109333
0 0.865000 0.410000 0.055000 0.088000
0 0.814000 0.316667 0.062000 0.050667
0 0.798500 0.396667 0.016000 0.026667
0 0.832000 0.171333 0.062000 0.129333
0 0.857000 0.047667 0.067000 0.080667
0 0.940500 0.925333 0.066000 0.110667
0 0.958250 0.701000 0.056500 0.107333
0 0.967250 0.813000 0.048500 0.064667
0 0.925000 0.574000 0.014000 0.066667
0 0.910500 0.693667 0.031000 0.056667
0 0.953250 0.467667 0.091500 0.060667
0 0.960250 0.266000 0.071500 0.132000
0 0.962000 0.091000 0.064000 0.134000
0 0.964500 0.385333 0.056000 0.036000
