0 0.033500 0.014333 0.055000 0.024667
0 0.036000 0.167667 0.024000 0.058000
0 0.064250 0.108667 0.023500 0.012000
0 0.010750 0.093667 0.013500 0.059333
0 0.010500 0.224667 0.018000 0.037333
0 0.023750 0.295667 0.017500 0.022000
0 0.046750 0.248000 0.017500 0.017333
0 0.015000 0.326667 0.021000 0.018667
0 0.044500 0.335333 0.019000 0.021333
0 0.018250 0.398000 0.023500 0.036000
0 0.005750 0.445667 0.010500 0.020667
0 0.010500 0.543000 0.019000 0.055333
0 0.039500 0.512667 0.017000 0.020000
0 0.045000 0.583000 0.021000 0.040667
0 0.014750 0.717667 0.009500 0.014000
0 0.006750 0.788000 0.012500 0.028000
0 0.023250 0.835000 0.037500 0.032667
0 0.123250 0.017000 0.009500 0.012667
0 0.144500 0.076000 0.081000 0.053333
0 0.092250 0.152667 0.033500 0.025333
0 0.154250 0.156333 0.051500 0.091333
0 0.171250 0.235333 0.017500 0.049333
0 0.095750 0.200000 0.039500 0.044000
0 0.147500 0.279333 0.032000 0.040000
0 0.084000 0.348000 0.021000 0.010667
0 0.144750 0.387333 0.028500 0.072000
0 0.078750 0.511333 0.016500 0.021333
0 0.078000 0.561667 0.029000 0.034000
0 0.130500 0.569333 0.036000 0.073333
0 0.093250 0.655667 0.035500 0.096667
0 0.129000 0.656333 0.019000 0.055333
0 0.154250 0.621667 0.022500 0.014000
0 0.089500 0.735333 0.034000 0.022667
0 0.138000 0.753000 0.034000 0.074000
0 0.072750 0.792333 0.026500 0.052667
0 0.080500 0.913333 0.036000 0.092000
0 0.114000 0.864333 0.019000 0.035333
0 0.024500 0.985000 0.012000 0.024667
0 0.028250 0.921333 0.018500 0.036000
0 0.138500 0.916667 0.026000 0.016000
0 0.115250 0.979000 0.021500 0.036667
0 0.253500 0.924000 0.046000 0.032000
0 0.228500 0.957333 0.017000 0.026667
0 0.208000 0.856000 0.043000 0.090667
0 0.260250 0.849333 0.046500 0.086667
0 0.196750 0.731333 0.028500 0.057333
0 0.257500 0.731667 0.060000 0.078000
0 0.206750 0.619333 0.033500 0.050667
0 0.259750 0.613667 0.057500 0.088667
0 0.210250 0.525333 0.040500 0.058667
0 0.273500 0.461667 0.022000 0.030000
0 0.210750 0.444000 0.031500 0.065333
0 0.244750 0.423667 0.023500 0.026000
0 0.254750 0.358000 0.039500 0.034667
0 0.267000 0.268667 0.033000 0.038667
0 0.218500 0.222667 0.036000 0.048000
0 0.233000 0.115000 0.025000 0.044667
0 0.282250 0.132333 0.034500 0.090000
0 0.254500 0.013000 0.021000 0.014000
0 0.298250 0.037333 0.030500 0.054667
0 0.414000 0.054000 0.115000 0.106667
0 0.369000 0.179333 0.063000 0.078667
0 0.345750 0.278333 0.021500 0.068667
0 0.428000 0.240333 0.027000 0.044667
0 0.391000 0.317333 0.024000 0.025333
0 0.339250 0.357667 0.022500 0.030000
0 0.341000 0.435333 0.044000 0.048000
0 0.409250 0.368667 0.027500 0.046667
0 0.462750 0.384667 0.031500 0.072000
0 0.418500 0.453667 0.033000 0.064667
0 0.475500 0.514333 0.019000 0.051333
0 0.433500 0.545667 0.025000 0.044667
0 0.377000 0.558000 0.027000 0.033333
0 0.385250 0.628000 0.035500 0.036000
0 0.398250 0.678333 0.041500 0.034000
0 0.372500 0.806333 0.055000 0.080667
0 0.338250 0.736333 0.020500 0.012667
0 0.384000 0.748000 0.021000 0.006667
0 0.340250 0.888667 0.036500 0.029333
0 0.344250 0.954000 0.039500 0.072000
0 0.386750 0.945000 0.034500 0.106000
0 0.443500 0.847667 0.043000 0.116667
0 0.467750 0.669333 0.006500 0.032000
0 0.466250 0.579333 0.019500 0.026667
0 0.434250 0.970000 0.041500 0.038667
0 0.471750 0.971333 0.012500 0.021333
0 0.547750 0.965000 0.024500 0.064667
0 0.598500 0.914667 0.052000 0.088000
0 0.528000 0.876667 0.050000 0.054667
0 0.546250 0.736000 0.062500 0.064000
0 0.607250 0.742667 0.017500 0.026667
0 0.580000 0.630000 0.046000 0.077333
0 0.612750 0.574000 0.020500 0.025333
0 0.518250 0.633333 0.045500 0.052000
0 0.553500 0.552667 0.048000 0.054667
0 0.533750 0.487333 0.050500 0.033333
0 0.544250 0.442333 0.045500 0.026000
0 0.600000 0.412333 0.033000 0.031333
0 0.529750 0.363667 0.037500 0.096667
0 0.590500 0.332000 0.071000 0.089333
0 0.609250 0.221333 0.033500 0.094667
0 0.538250 0.226000 0.036500 0.089333
0 0.577500 0.172667 0.010000 0.022667
0 0.552000 0.071667 0.062000 0.082000
0 0.630000 0.059000 0.015000 0.018000
0 0.760750 0.977333 0.048500 0.033333
0 0.678250 0.826667 0.044500 0.072000
0 0.756500 0.882667 0.035000 0.044000
0 0.696750 0.773000 0.030500 0.024667
0 0.676750 0.723667 0.024500 0.038000
0 0.757250 0.696667 0.048500 0.048000
0 0.668250 0.645333 0.035500 0.072000
0 0.750250 0.577667 0.070500 0.066000
0 0.679500 0.497667 0.054000 0.107333
0 0.777500 0.416667 0.013000 0.021333
0 0.675000 0.406333 0.013000 0.030000
0 0.697000 0.338333 0.024000 0.022000
0 0.737500 0.389333 0.021000 0.025333
0 0.754500 0.311000 0.010000 0.024667
0 0.718750 0.225667 0.018500 0.031333
0 0.681000 0.179667 0.035000 0.059333
0 0.728000 0.176000 0.010000 0.022667
0 0.763750 0.162667 0.029500 0.082667
0 0.668250 0.046000 0.017500 0.040000
0 0.767000 0.067333 0.020000 0.038667
0 0.723500 0.078333 0.025000 0.044667
0 0.758250 0.499333 0.028500 0.034667
0 0.899250 0.038000 0.059500 0.060000
0 0.848250 0.041000 0.021500 0.019333
0 0.830500 0.117000 0.033000 0.035333
0 0.871000 0.137667 0.017000 0.028667
0 0.821500 0.214000 0.017000 0.032000
0 0.804250 0.180000 0.025500 0.022667
0 0.833500 0.290333 0.041000 0.046000
0 0.882000 0.307333 0.019000 0.012000
0 0.918750 0.322667 0.023500 0.062667
0 0.858250 0.345333 0.028500 0.030667
0 0.838250 0.389667 0.024500 0.026000
0 0.828250 0.464667 0.043500 0.060000
0 0.862250 0.437667 0.015500 0.014000
0 0.880500 0.480333 0.014000 0.014000
0 0.939750 0.410667 0.014500 0.022667
0 0.816000 0.523667 0.020000 0.018000
0 0.856250 0.586000 0.024500 0.026667
0 0.920750 0.620333 0.041500 0.060667
0 0.923000 0.673000 0.016000 0.011333
0 0.850250 0.697000 0.024500 0.040667
0 0.872750 0.660667 0.030500 0.026667
0 0.824500 0.764000 0.033000 0.025333
0 0.851500 0.824667 0.021000 0.032000
0 0.833500 0.877000 0.025000 0.024667
0 0.898000 0.861667 0.033000 0.044667
0 0.939750 0.887333 0.025500 0.068000
0 0.991750 0.792333 0.014500 0.020667
0 0.995000 0.843000 0.010000 0.016667
0 0.976250 0.659000 0.019500 0.018000
0 0.987250 0.596000 0.012500 0.016000
0 0.975000 0.501000 0.008000 0.014000
0 0.996000 0.534333 0.008000 0.004667
0 0.988500 0.437000 0.019000 0.042000
0 0.987000 0.364000 0.025000 0.034667
0 0.981750 0.309667 0.026500 0.039333
0 0.983000 0.130333 0.020000 0.030000
0 0.988250 0.074333 0.019500 0.036667
0 0.774500 0.758333 0.017000 0.015333
0 0.873000 0.952667 0.018000 0.036000
