0 0.033500 0.049667 0.015000 0.022000
0 0.053750 0.134000 0.066500 0.054667
0 0.077250 0.073667 0.010500 0.018000
0 0.040000 0.928333 0.023000 0.063333
0 0.063000 0.491000 0.026000 0.028667
0 0.066750 0.672000 0.025500 0.036000
0 0.124500 0.666000 0.056000 0.113333
0 0.188500 0.621333 0.023000 0.024000
0 0.171750 0.772000 0.048500 0.045333
0 0.186750 0.714667 0.019500 0.022667
0 0.102750 0.928667 0.030500 0.121333
0 0.175750 0.847333 0.028500 0.045333
0 0.099000 0.823667 0.026000 0.034000
0 0.188000 0.554667 0.016000 0.041333
0 0.130500 0.515667 0.045000 0.062000
0 0.196500 0.410333 0.046000 0.046000
0 0.159750 0.354000 0.016500 0.018667
0 0.195750 0.342000 0.021500 0.014667
0 0.188000 0.065333 0.073000 0.064000
0 0.212250 0.010333 0.013500 0.015333
0 0.104750 0.777000 0.016500 0.020667
0 0.192000 0.920333 0.017000 0.022000
0 0.328250 0.145667 0.053500 0.096667
0 0.291000 0.224333 0.026000 0.043333
0 0.348750 0.038333 0.015500 0.034000
0 0.343750 0.356000 0.020500 0.110667
0 0.315500 0.337000 0.016000 0.052667
0 0.297000 0.428667 0.017000 0.074667
0 0.313750 0.524000 0.044500 0.089333
0 0.255500 0.566000 0.059000 0.110667
0 0.305250 0.662667 0.061500 0.065333
0 0.227750 0.671000 0.013500 0.020667
0 0.240250 0.758333 0.042500 0.112667
0 0.304500 0.754000 0.029000 0.038667
0 0.249000 0.923667 0.049000 0.135333
0 0.288750 0.839667 0.035500 0.028667
0 0.309000 0.906000 0.046000 0.077333
0 0.404000 0.015333 0.023000 0.029333
0 0.431500 0.056000 0.055000 0.034667
0 0.483750 0.130667 0.056500 0.048000
0 0.498750 0.031667 0.033500 0.034000
0 0.533750 0.079667 0.029500 0.058000
0 0.409000 0.134333 0.049000 0.034000
0 0.541250 0.173000 0.015500 0.019333
0 0.505250 0.240333 0.012500 0.016667
0 0.381000 0.370667 0.020000 0.037333
0 0.473750 0.355000 0.114500 0.110000
0 0.379250 0.430667 0.011500 0.024000
0 0.397750 0.492667 0.064500 0.070667
0 0.448500 0.538000 0.014000 0.028000
0 0.493250 0.532667 0.026500 0.054667
0 0.415750 0.587000 0.048500 0.058000
0 0.476500 0.602667 0.027000 0.026667
0 0.500250 0.674667 0.041500 0.076000
0 0.397500 0.722333 0.085000 0.055333
0 0.506750 0.822667 0.033500 0.042667
0 0.409500 0.848000 0.068000 0.118667
0 0.432250 0.952333 0.028500 0.050000
0 0.498750 0.946000 0.025500 0.054667
0 0.374250 0.971000 0.038500 0.022000
0 0.573750 0.606333 0.021500 0.027333
0 0.648250 0.552667 0.016500 0.025333
0 0.655500 0.483000 0.072000 0.106000
0 0.583000 0.690000 0.047000 0.112000
0 0.653500 0.896000 0.042000 0.093333
0 0.569500 0.903000 0.028000 0.035333
0 0.567500 0.806667 0.037000 0.072000
0 0.572000 0.975667 0.016000 0.020667
0 0.604500 0.955667 0.032000 0.019333
0 0.613250 0.923333 0.015500 0.022667
0 0.665750 0.976667 0.043500 0.042667
0 0.605250 0.841667 0.017500 0.022000
0 0.671250 0.757333 0.021500 0.049333
0 0.606000 0.234333 0.068000 0.091333
0 0.594000 0.072000 0.036000 0.053333
0 0.650500 0.070333 0.022000 0.056667
0 0.667500 0.155667 0.040000 0.052667
0 0.661750 0.326000 0.058500 0.074667
0 0.811250 0.454000 0.037500 0.074667
0 0.736750 0.763333 0.050500 0.174667
0 0.767750 0.956000 0.093500 0.049333
0 0.770000 0.882000 0.037000 0.018667
0 0.804750 0.646000 0.016500 0.018667
0 0.733250 0.446667 0.020500 0.032000
0 0.776250 0.358667 0.085500 0.030667
0 0.810750 0.571333 0.034500 0.016000
0 0.771750 0.532333 0.028500 0.034000
0 0.795750 0.232333 0.014500 0.032667
0 0.799000 0.083333 0.108000 0.102667
0 0.901000 0.073667 0.055000 0.111333
0 0.893000 0.197000 0.037000 0.067333
0 0.883500 0.279000 0.018000 0.043333
0 0.894000 0.346000 0.028000 0.030667
0 0.889750 0.448000 0.033500 0.036000
0 0.960250 0.451333 0.074500 0.125333
0 0.961500 0.262667 0.049000 0.116000
0 0.952750 0.143000 0.036500 0.030000
0 0.882000 0.602000 0.028000 0.053333
0 0.924500 0.619000 0.038000 0.046000
0 0.970750 0.618000 0.018500 0.078667
0 0.904500 0.717667 0.024000 0.027333
0 0.925750 0.761000 0.027500 0.036667
0 0.929750 0.902667 0.107500 0.165333
0 0.963750 0.789000 0.021500 0.027333
0 0.972000 0.749667 0.016000 0.020667
