0 0.026000 0.027667 0.027000 0.044667
0 0.043250 0.065000 0.013500 0.011333
0 0.059000 0.120667 0.031000 0.042667
0 0.124250 0.103667 0.029500 0.070000
0 0.142250 0.035333 0.036500 0.048000
0 0.225750 0.135000 0.019500 0.032667
0 0.275750 0.064000 0.024500 0.030667
0 0.355500 0.073333 0.076000 0.066667
0 0.305500 0.132333 0.033000 0.042000
0 0.332000 0.182333 0.096000 0.054000
0 0.380250 0.128000 0.012500 0.025333
0 0.447500 0.182000 0.057000 0.078667
0 0.531750 0.154667 0.044500 0.140000
0 0.659000 0.197667 0.126000 0.135333
0 0.747500 0.189000 0.035000 0.100667
0 0.830250 0.241667 0.036500 0.100667
0 0.879750 0.318000 0.053500 0.073333
0 0.958000 0.308333 0.065000 0.108667
0 0.684000 0.036000 0.103000 0.069333
0 0.807500 0.049000 0.080000 0.096667
0 0.949250 0.089333 0.101500 0.157333
0 0.926000 0.501667 0.100000 0.142000
0 0.830750 0.512333 0.063500 0.078000
0 0.763500 0.389000 0.075000 0.072667
0 0.849500 0.401667 0.018000 0.026000
0 0.720750 0.485333 0.106500 0.066667
0 0.649000 0.363000 0.108000 0.082000
0 0.663250 0.431667 0.059500 0.020667
0 0.645250 0.490667 0.031500 0.045333
0 0.482250 0.320333 0.075500 0.084667
0 0.570250 0.367667 0.038500 0.050000
0 0.421000 0.293333 0.023000 0.030667
0 0.230500 0.379000 0.099000 0.070000
0 0.203500 0.235000 0.026000 0.020667
0 0.935250 0.724333 0.121500 0.180667
0 0.787750 0.717667 0.129500 0.160667
0 0.615500 0.641000 0.158000 0.182000
0 0.364500 0.584333 0.066000 0.095333
0 0.470000 0.635333 0.089000 0.138667
0 0.458750 0.537333 0.060500 0.046667
0 0.268500 0.528000 0.115000 0.100000
0 0.461250 0.778333 0.047500 0.058000
0 0.571750 0.835667 0.102500 0.075333
0 0.700000 0.916000 0.114000 0.168000
0 0.833000 0.931333 0.091000 0.137333
0 0.946750 0.946667 0.088500 0.106667
0 0.388000 0.858667 0.111000 0.124000
0 0.295000 0.795000 0.061000 0.079333
0 0.144500 0.761000 0.113000 0.074000
0 0.032500 0.733333 0.041000 0.040000
0 0.184250 0.637000 0.041500 0.055333
0 0.317000 0.673000 0.015000 0.031333
0 0.406750 0.698667 0.015500 0.020000
0 0.065250 0.465000 0.074500 0.072667
0 0.113250 0.585667 0.070500 0.047333
0 0.021000 0.275667 0.028000 0.096667
0 0.292000 0.291000 0.051000 0.035333
0 0.072000 0.216000 0.020000 0.022667
