0 0.011000 0.156000 0.018000 0.024000
0 0.030000 0.334000 0.018000 0.028000
0 0.024500 0.556333 0.016000 0.023333
0 0.028000 0.831000 0.043000 0.031333
0 0.069750 0.858000 0.011500 0.020000
0 0.177500 0.983000 0.035000 0.034000
0 0.245750 0.966333 0.008500 0.022000
0 0.292250 0.847667 0.019500 0.032667
0 0.175000 0.729333 0.023000 0.044000
0 0.205500 0.659333 0.016000 0.021333
0 0.105000 0.481667 0.010000 0.031333
0 0.164250 0.437333 0.017500 0.014667
0 0.089250 0.421667 0.011500 0.035333
0 0.111000 0.395667 0.021000 0.030000
0 0.197000 0.275000 0.011000 0.015333
0 0.208250 0.188000 0.032500 0.040000
0 0.172500 0.100333 0.026000 0.030000
0 0.151250 0.056000 0.015500 0.012000
0 0.208750 0.050333 0.029500 0.024667
0 0.346250 0.011333 0.011500 0.021333
0 0.317750 0.260667 0.031500 0.053333
0 0.364250 0.414333 0.020500 0.027333
0 0.410500 0.430667 0.020000 0.030667
0 0.318000 0.786000 0.031000 0.036000
0 0.347500 0.811000 0.022000 0.022000
0 0.424500 0.988333 0.042000 0.023333
0 0.506250 0.951000 0.010500 0.012667
0 0.471500 0.973000 0.010000 0.010000
0 0.471250 0.917333 0.014500 0.017333
0 0.487000 0.867333 0.028000 0.042667
0 0.511500 0.790333 0.017000 0.024667
0 0.596500 0.837333 0.030000 0.021333
0 0.614500 0.788333 0.018000 0.023333
0 0.561000 0.681667 0.011000 0.022000
0 0.582250 0.680667 0.021500 0.036000
0 0.612250 0.556000 0.017500 0.042667
0 0.424750 0.618000 0.021500 0.034667
0 0.330750 0.919667 0.013500 0.011333
0 0.222250 0.883667 0.008500 0.012667
0 0.750750 0.231667 0.039500 0.036667
0 0.725250 0.479667 0.020500 0.022000
0 0.751500 0.815000 0.017000 0.030000
0 0.715750 0.592667 0.009500 0.021333
0 0.887000 0.123667 0.018000 0.023333
0 0.969000 0.018000 0.031000 0.024000
0 0.827750 0.416000 0.012500 0.022667
0 0.817250 0.962667 0.014500 0.024000
0 0.943250 0.816667 0.009500 0.016000
