0 0.027250 0.073333 0.022500 0.029333
0 0.173000 0.401000 0.020000 0.024667
0 0.024000 0.584333 0.016000 0.031333
0 0.142250 0.843333 0.026500 0.026667
0 0.240500 0.699667 0.019000 0.034000
0 0.357000 0.933000 0.018000 0.035333
0 0.417750 0.988000 0.015500 0.024000
0 0.480500 0.983333 0.020000 0.020000
0 0.522750 0.793667 0.023500 0.030000
0 0.453000 0.813667 0.020000 0.030000
0 0.406000 0.681000 0.022000 0.031333
0 0.450250 0.388667 0.023500 0.040000
0 0.374000 0.283333 0.031000 0.026667
0 0.484750 0.310000 0.018500 0.026667
0 0.479250 0.234333 0.024500 0.023333
0 0.451250 0.141333 0.025500 0.026667
0 0.402500 0.138667 0.015000 0.024000
0 0.436000 0.099333 0.018000 0.017333
0 0.517750 0.109333 0.016500 0.020000
0 0.607500 0.047000 0.034000 0.054000
0 0.533250 0.159000 0.025500 0.034000
0 0.625250 0.117333 0.026500 0.024000
0 0.622750 0.235667 0.023500 0.031333
0 0.593250 0.259333 0.013500 0.018667
0 0.539500 0.220667 0.013000 0.038667
0 0.533250 0.474667 0.021500 0.021333
0 0.598000 0.477667 0.017000 0.015333
0 0.671500 0.467000 0.017000 0.008667
0 0.504000 0.665667 0.014000 0.016667
0 0.640500 0.772333 0.030000 0.030000
0 0.661250 0.634333 0.011500 0.028667
0 0.644750 0.892333 0.012500 0.026000
0 0.595500 0.854333 0.016000 0.014000
0 0.569000 0.952667 0.018000 0.016000
0 0.608750 0.955333 0.008500 0.018667
0 0.397500 0.418667 0.012000 0.020000
0 0.705500 0.984000 0.011000 0.029333
0 0.687500 0.944333 0.006000 0.015333
0 0.752250 0.946333 0.027500 0.044667
0 0.762250 0.994333 0.013500 0.011333
0 0.740500 0.984000 0.013000 0.013333
0 0.827250 0.860000 0.020500 0.025333
0 0.774250 0.808667 0.020500 0.020000
0 0.778250 0.755667 0.020500 0.027333
0 0.773750 0.609667 0.021500 0.032667
0 0.811750 0.588333 0.012500 0.032667
0 0.849250 0.612333 0.021500 0.020667
0 0.813000 0.493333 0.013000 0.026667
0 0.771500 0.418000 0.028000 0.026667
0 0.863000 0.355333 0.045000 0.046667
0 0.877000 0.303333 0.017000 0.021333
0 0.857250 0.245667 0.028500 0.019333
0 0.804250 0.182000 0.023500 0.017333
0 0.775750 0.094333 0.019500 0.032667
0 0.850250 0.033333 0.019500 0.024000
0 0.977250 0.439333 0.039500 0.064000
0 0.908250 0.629333 0.030500 0.021333
0 0.987000 0.857667 0.014000 0.043333
0 0.911500 0.928667 0.014000 0.013333
0 0.994250 0.058000 0.007500 0.024000
