0 0.017750 0.073333 0.016500 0.034667
0 0.092250 0.086667 0.022500 0.033333
0 0.062250 0.139333 0.020500 0.036000
0 0.095250 0.180667 0.013500 0.010667
0 0.028000 0.250333 0.014000 0.022000
0 0.086250 0.296000 0.016500 0.020000
0 0.056500 0.285667 0.008000 0.016667
0 0.119750 0.379000 0.034500 0.040667
0 0.085750 0.494667 0.027500 0.021333
0 0.100250 0.417667 0.025500 0.028667
0 0.042750 0.533000 0.018500 0.024667
0 0.090500 0.555000 0.019000 0.024667
0 0.082750 0.604000 0.020500 0.021333
0 0.109250 0.638667 0.029500 0.028000
0 0.128000 0.619667 0.011000 0.014000
0 0.143500 0.645000 0.016000 0.010000
0 0.046500 0.430333 0.014000 0.016667
0 0.092000 0.751667 0.026000 0.047333
0 0.075000 0.797667 0.010000 0.019333
0 0.098250 0.838333 0.018500 0.023333
0 0.042000 0.787667 0.024000 0.039333
0 0.071250 0.920333 0.021500 0.019333
0 0.077500 0.959667 0.022000 0.022000
0 0.058750 0.989667 0.029500 0.015333
0 0.051250 0.693000 0.023500 0.016667
0 0.014250 0.596333 0.027500 0.038000
0 0.187250 0.980667 0.041500 0.025333
0 0.239750 0.987333 0.016500 0.020000
0 0.280750 0.923333 0.050500 0.053333
0 0.215750 0.960000 0.016500 0.017333
0 0.190750 0.930000 0.037500 0.028000
0 0.157750 0.871333 0.018500 0.020000
0 0.208000 0.841333 0.011000 0.017333
0 0.208250 0.720000 0.030500 0.032000
0 0.168750 0.784000 0.021500 0.028000
0 0.136000 0.766667 0.020000 0.030667
0 0.150250 0.704000 0.014500 0.010667
0 0.276250 0.696000 0.010500 0.018667
0 0.312000 0.990000 0.016000 0.014667
0 0.348250 0.859667 0.028500 0.028667
0 0.358500 0.902000 0.020000 0.028000
0 0.303500 0.716667 0.014000 0.014667
0 0.310000 0.570333 0.020000 0.031333
0 0.283500 0.395000 0.029000 0.026000
0 0.169250 0.264333 0.012500 0.028667
0 0.228750 0.271000 0.020500 0.012667
0 0.167000 0.159000 0.022000 0.032667
0 0.210500 0.052333 0.011000 0.019333
0 0.260000 0.497667 0.013000 0.018000
0 0.149500 0.355000 0.013000 0.015333
0 0.195750 0.331000 0.012500 0.011333
0 0.471750 0.140333 0.018500 0.050000
0 0.395250 0.081000 0.017500 0.022000
0 0.484500 0.277667 0.013000 0.016667
0 0.341250 0.363333 0.018500 0.030667
0 0.402250 0.409000 0.022500 0.042000
0 0.352750 0.468667 0.027500 0.034667
0 0.400000 0.485000 0.034000 0.042000
0 0.490000 0.530000 0.024000 0.041333
0 0.414500 0.635000 0.052000 0.054000
0 0.363000 0.663667 0.030000 0.044667
0 0.412250 0.727667 0.017500 0.024667
0 0.415750 0.785000 0.024500 0.040667
0 0.421250 0.874000 0.009500 0.025333
0 0.470250 0.861667 0.019500 0.054000
0 0.497000 0.906667 0.024000 0.032000
0 0.535250 0.906333 0.041500 0.034000
0 0.537000 0.600000 0.027000 0.044000
0 0.501750 0.638000 0.015500 0.013333
0 0.471500 0.603333 0.025000 0.041333
0 0.412500 0.974000 0.035000 0.036000
0 0.359000 0.938333 0.018000 0.019333
0 0.411000 0.926667 0.023000 0.022667
0 0.472250 0.946000 0.026500 0.030667
0 0.599500 0.986667 0.011000 0.026667
0 0.591750 0.935000 0.028500 0.031333
0 0.630500 0.890000 0.060000 0.053333
0 0.655000 0.945000 0.028000 0.019333
0 0.619500 0.812333 0.017000 0.028667
0 0.697000 0.855667 0.024000 0.026000
0 0.705000 0.786000 0.020000 0.026667
0 0.658250 0.754000 0.016500 0.022667
0 0.636250 0.721000 0.035500 0.040667
0 0.674250 0.692333 0.018500 0.026000
0 0.709000 0.743667 0.014000 0.022000
0 0.646500 0.671667 0.023000 0.015333
0 0.653500 0.522667 0.022000 0.028000
0 0.611000 0.514333 0.012000 0.027333
0 0.630500 0.483000 0.016000 0.012667
0 0.727250 0.694333 0.022500 0.015333
0 0.609000 0.292667 0.015000 0.017333
0 0.642000 0.158667 0.020000 0.022667
0 0.609000 0.047000 0.029000 0.028667
0 0.709750 0.016000 0.053500 0.030667
0 0.765000 0.035667 0.014000 0.023333
0 0.787750 0.074000 0.027500 0.029333
0 0.702000 0.197000 0.019000 0.036667
0 0.802750 0.176333 0.012500 0.023333
0 0.726000 0.265333 0.016000 0.022667
0 0.733000 0.362333 0.022000 0.024667
0 0.802250 0.322333 0.018500 0.038000
0 0.741000 0.442667 0.019000 0.022667
0 0.540750 0.493667 0.013500 0.008667
0 0.811750 0.523000 0.042500 0.070000
0 0.817250 0.418667 0.016500 0.016000
0 0.824000 0.464333 0.029000 0.030000
0 0.776500 0.674000 0.031000 0.053333
0 0.845000 0.659667 0.037000 0.064667
0 0.731750 0.639667 0.003500 0.006000
0 0.781250 0.584333 0.025500 0.022000
0 0.793750 0.749667 0.049500 0.058000
0 0.767250 0.803333 0.027500 0.022667
0 0.781500 0.909333 0.056000 0.128000
0 0.739000 0.983667 0.033000 0.032667
0 0.835500 0.960667 0.024000 0.078667
0 0.884500 0.971333 0.039000 0.042667
0 0.839750 0.827000 0.017500 0.026000
0 0.931500 0.861000 0.019000 0.032667
0 0.920250 0.947333 0.032500 0.034667
0 0.943750 0.784667 0.012500 0.020000
0 0.983000 0.798000 0.019000 0.020000
0 0.988750 0.700667 0.022500 0.034667
0 0.994250 0.649333 0.011500 0.025333
0 0.904250 0.506000 0.023500 0.024000
0 0.990000 0.504000 0.020000 0.040000
0 0.884000 0.429667 0.035000 0.026000
0 0.919750 0.371333 0.068500 0.082667
0 0.973000 0.399333 0.016000 0.017333
0 0.860000 0.294667 0.016000 0.026667
0 0.902250 0.233333 0.040500 0.080000
0 0.955250 0.239000 0.025500 0.062000
0 0.873250 0.071333 0.017500 0.020000
0 0.882500 0.624667 0.013000 0.030667
0 0.930500 0.695000 0.016000 0.026000
