0 0.073750 0.199667 0.022500 0.030000
0 0.007750 0.474667 0.014500 0.034667
0 0.050750 0.386667 0.017500 0.013333
0 0.102000 0.489000 0.015000 0.026000
0 0.067000 0.572000 0.018000 0.021333
0 0.015750 0.578000 0.019500 0.029333
0 0.090250 0.603333 0.014500 0.022667
0 0.074250 0.669000 0.015500 0.024667
0 0.069500 0.892000 0.017000 0.032000
0 0.037000 0.916333 0.014000 0.014000
0 0.004250 0.667333 0.007500 0.018667
0 0.152250 0.909667 0.020500 0.022000
0 0.257250 0.792000 0.017500 0.026667
0 0.241250 0.693000 0.012500 0.018000
0 0.174250 0.550333 0.021500 0.043333
0 0.271000 0.378333 0.013000 0.036667
0 0.251750 0.281667 0.014500 0.020667
0 0.140000 0.371667 0.012000 0.023333
0 0.135000 0.232333 0.015000 0.020667
0 0.191250 0.191667 0.016500 0.031333
0 0.182000 0.123333 0.043000 0.034667
0 0.127750 0.108667 0.010500 0.010667
0 0.149500 0.038333 0.009000 0.016667
0 0.144000 0.819667 0.022000 0.020667
0 0.352750 0.953333 0.023500 0.025333
0 0.355250 0.989667 0.015500 0.014000
0 0.383250 0.812000 0.022500 0.025333
0 0.340000 0.866667 0.010000 0.029333
0 0.383750 0.874333 0.029500 0.035333
0 0.332250 0.733333 0.024500 0.038667
0 0.401000 0.639667 0.016000 0.023333
0 0.392250 0.579333 0.031500 0.028000
0 0.364000 0.519667 0.014000 0.018000
0 0.368250 0.386667 0.015500 0.022667
0 0.412000 0.501333 0.009000 0.014667
0 0.435250 0.430333 0.006500 0.016667
0 0.330250 0.090333 0.018500 0.031333
0 0.317000 0.571333 0.013000 0.012000
0 0.489750 0.210000 0.019500 0.025333
0 0.541000 0.182333 0.011000 0.020667
0 0.486000 0.424667 0.028000 0.024000
0 0.540750 0.401333 0.015500 0.022667
0 0.598750 0.381667 0.013500 0.038000
0 0.521250 0.525667 0.012500 0.019333
0 0.490000 0.688000 0.020000 0.032000
0 0.524500 0.694667 0.019000 0.049333
0 0.474250 0.807333 0.019500 0.028000
0 0.465750 0.934667 0.017500 0.028000
0 0.663250 0.987667 0.011500 0.024667
0 0.618500 0.971000 0.022000 0.019333
0 0.631500 0.882333 0.016000 0.012667
0 0.658250 0.834000 0.028500 0.032000
0 0.715750 0.850000 0.020500 0.037333
0 0.734250 0.890000 0.023500 0.021333
0 0.666000 0.720000 0.021000 0.036000
0 0.628250 0.763000 0.024500 0.010000
0 0.634750 0.658667 0.014500 0.026667
0 0.656000 0.612333 0.011000 0.028667
0 0.705000 0.615333 0.024000 0.024000
0 0.673250 0.561667 0.016500 0.028667
0 0.626500 0.517667 0.006000 0.007333
0 0.684000 0.427667 0.039000 0.030000
0 0.657250 0.267667 0.032500 0.031333
0 0.694250 0.116667 0.043500 0.086667
0 0.779750 0.686333 0.022500 0.035333
0 0.813250 0.592333 0.015500 0.020667
0 0.843000 0.615333 0.019000 0.032000
0 0.868250 0.640333 0.011500 0.018000
0 0.850250 0.771333 0.025500 0.026667
0 0.844000 0.716333 0.015000 0.015333
0 0.876250 0.815333 0.025500 0.025333
0 0.850250 0.508667 0.015500 0.030667
0 0.807500 0.501333 0.018000 0.018667
0 0.802250 0.279333 0.018500 0.025333
0 0.783500 0.085333 0.025000 0.017333
0 0.941250 0.050667 0.012500 0.032000
0 0.940750 0.131667 0.013500 0.066000
0 0.976750 0.009667 0.019500 0.014000
0 0.960750 0.649333 0.033500 0.040000
0 0.933000 0.801667 0.030000 0.047333
0 0.977250 0.819000 0.012500 0.032667
0 0.909750 0.863000 0.014500 0.012667
0 0.891500 0.937000 0.021000 0.022000
0 0.933000 0.955667 0.019000 0.039333
0 0.912250 0.981667 0.016500 0.008667
0 0.800750 0.873333 0.018500 0.024000
