0 0.029500 0.279000 0.026000 0.035333
0 0.062750 0.156667 0.022500 0.028000
0 0.005750 0.038333 0.010500 0.047333
0 0.012500 0.372000 0.017000 0.026667
0 0.037000 0.483333 0.014000 0.037333
0 0.007000 0.565667 0.013000 0.020667
0 0.049250 0.611333 0.019500 0.032000
0 0.014250 0.764667 0.018500 0.072000
0 0.051500 0.805000 0.033000 0.048667
0 0.200000 0.948000 0.036000 0.054667
0 0.227500 0.859333 0.030000 0.045333
0 0.173750 0.897000 0.010500 0.016667
0 0.181250 0.844333 0.025500 0.028667
0 0.139250 0.873333 0.025500 0.020000
0 0.140500 0.905000 0.004000 0.003333
0 0.255500 0.801333 0.025000 0.021333
0 0.229250 0.749667 0.022500 0.031333
0 0.187500 0.737333 0.030000 0.042667
0 0.158250 0.692667 0.012500 0.021333
0 0.232250 0.676000 0.009500 0.012000
0 0.145500 0.638000 0.039000 0.042667
0 0.248750 0.495333 0.020500 0.048000
0 0.235250 0.537333 0.015500 0.022667
0 0.154750 0.562000 0.012500 0.013333
0 0.151250 0.505000 0.018500 0.022000
0 0.189750 0.447333 0.021500 0.029333
0 0.125750 0.376333 0.018500 0.036667
0 0.211250 0.370667 0.006500 0.018667
0 0.178750 0.343000 0.038500 0.043333
0 0.209250 0.316000 0.018500 0.021333
0 0.142250 0.330333 0.016500 0.030000
0 0.150000 0.278000 0.019000 0.028000
0 0.189750 0.259667 0.021500 0.019333
0 0.107750 0.208667 0.014500 0.012000
0 0.210000 0.136667 0.038000 0.081333
0 0.217500 0.017667 0.040000 0.034000
0 0.110750 0.040667 0.016500 0.022667
0 0.151500 0.061000 0.018000 0.032667
0 0.248750 0.026000 0.009500 0.012000
0 0.224000 0.603667 0.045000 0.056667
0 0.308500 0.024000 0.017000 0.017333
0 0.275250 0.056667 0.013500 0.020000
0 0.370500 0.019667 0.037000 0.030000
0 0.340750 0.143000 0.017500 0.034000
0 0.296000 0.138667 0.015000 0.024000
0 0.291250 0.250667 0.020500 0.018667
0 0.338000 0.289000 0.031000 0.023333
0 0.306750 0.384000 0.027500 0.037333
0 0.333000 0.462333 0.026000 0.027333
0 0.285500 0.483667 0.013000 0.020667
0 0.375250 0.514000 0.023500 0.040000
0 0.311500 0.596667 0.028000 0.036000
0 0.342000 0.629333 0.021000 0.016000
0 0.408000 0.589000 0.013000 0.020667
0 0.335000 0.735000 0.029000 0.022000
0 0.300750 0.776667 0.009500 0.013333
0 0.340750 0.828000 0.014500 0.013333
0 0.401750 0.776333 0.015500 0.027333
0 0.302250 0.958000 0.029500 0.033333
0 0.383000 0.951667 0.015000 0.008667
0 0.444750 0.988667 0.023500 0.022667
0 0.499250 0.955333 0.028500 0.065333
0 0.513750 0.884333 0.043500 0.044667
0 0.447000 0.760333 0.042000 0.059333
0 0.502000 0.749667 0.026000 0.032667
0 0.478500 0.663667 0.027000 0.054000
0 0.433250 0.679000 0.034500 0.019333
0 0.531000 0.681000 0.013000 0.027333
0 0.499000 0.572000 0.032000 0.049333
0 0.513500 0.500000 0.015000 0.038667
0 0.461750 0.406333 0.057500 0.096667
0 0.506500 0.336000 0.047000 0.050667
0 0.522750 0.418667 0.016500 0.016000
0 0.453750 0.133667 0.078500 0.048667
0 0.500750 0.202333 0.043500 0.078000
0 0.437750 0.195333 0.034500 0.049333
0 0.521750 0.289333 0.016500 0.024000
0 0.559000 0.215667 0.019000 0.031333
0 0.469250 0.014000 0.017500 0.021333
0 0.676500 0.049000 0.017000 0.028667
0 0.599000 0.118000 0.020000 0.032000
0 0.645500 0.121000 0.039000 0.030000
0 0.626500 0.202333 0.057000 0.048667
0 0.680500 0.169333 0.016000 0.016000
0 0.679250 0.236667 0.011500 0.014667
0 0.713000 0.221000 0.029000 0.047333
0 0.699000 0.314333 0.031000 0.031333
0 0.603500 0.315000 0.012000 0.016667
0 0.633250 0.410667 0.014500 0.026667
0 0.678250 0.430333 0.022500 0.027333
0 0.661750 0.361000 0.013500 0.015333
0 0.688000 0.382333 0.020000 0.024667
0 0.732750 0.363333 0.020500 0.025333
0 0.750750 0.401333 0.024500 0.017333
0 0.683000 0.499667 0.019000 0.018000
0 0.631500 0.514333 0.023000 0.032667
0 0.642250 0.460667 0.018500 0.012000
0 0.599250 0.577667 0.039500 0.043333
0 0.636250 0.611000 0.019500 0.023333
0 0.677000 0.635333 0.016000 0.032000
0 0.630500 0.683667 0.034000 0.035333
0 0.570250 0.635333 0.015500 0.026667
0 0.631500 0.814000 0.026000 0.037333
0 0.644500 0.749333 0.037000 0.038667
0 0.678750 0.851333 0.020500 0.020000
0 0.605500 0.868333 0.045000 0.027333
0 0.663750 0.976000 0.030500 0.034667
0 0.635500 0.915000 0.015000 0.016667
0 0.607000 0.977333 0.015000 0.014667
0 0.760750 0.966000 0.088500 0.058667
0 0.786000 0.913333 0.058000 0.054667
0 0.768500 0.857333 0.029000 0.037333
0 0.815500 0.855667 0.031000 0.032667
0 0.825250 0.893000 0.013500 0.012667
0 0.798000 0.796667 0.067000 0.056000
0 0.807250 0.743333 0.041500 0.048000
0 0.778250 0.672000 0.018500 0.034667
0 0.751000 0.738333 0.016000 0.048667
0 0.837750 0.723000 0.016500 0.030000
0 0.748750 0.602667 0.024500 0.049333
0 0.714750 0.609333 0.015500 0.009333
0 0.700000 0.671667 0.008000 0.010000
0 0.822500 0.556667 0.022000 0.022667
0 0.841500 0.534333 0.020000 0.023333
0 0.798250 0.511000 0.018500 0.011333
0 0.791250 0.453000 0.018500 0.028667
0 0.738000 0.435333 0.021000 0.014667
0 0.825000 0.490667 0.010000 0.017333
0 0.825500 0.431000 0.035000 0.076667
0 0.856000 0.399333 0.015000 0.017333
0 0.794500 0.312333 0.034000 0.070000
0 0.840000 0.317667 0.010000 0.016667
0 0.852750 0.283000 0.010500 0.022000
0 0.855000 0.211333 0.011000 0.041333
0 0.780000 0.207333 0.041000 0.013333
0 0.777000 0.247333 0.013000 0.020000
0 0.810250 0.239000 0.002500 0.012667
0 0.762500 0.134333 0.024000 0.046000
0 0.823000 0.097667 0.047000 0.051333
0 0.839750 0.044000 0.016500 0.025333
0 0.789750 0.021333 0.016500 0.022667
0 0.712250 0.100667 0.019500 0.022667
0 0.711250 0.056333 0.007500 0.010000
0 0.914000 0.062000 0.024000 0.068000
0 0.935750 0.005667 0.014500 0.010000
0 0.961500 0.059000 0.009000 0.020667
0 0.922250 0.134667 0.011500 0.018667
0 0.974250 0.119667 0.030500 0.046000
0 0.929750 0.226000 0.040500 0.050667
0 0.892000 0.208333 0.009000 0.022000
0 0.953500 0.291000 0.019000 0.028667
0 0.981750 0.262000 0.004500 0.034667
0 0.751750 0.341000 0.010500 0.020667
0 0.949750 0.368000 0.025500 0.034667
0 0.915000 0.343000 0.018000 0.026000
0 0.893000 0.463333 0.015000 0.021333
0 0.959750 0.427667 0.038500 0.054000
0 0.974000 0.469000 0.011000 0.014000
0 0.949750 0.922333 0.032500 0.072667
0 0.875250 0.978000 0.047500 0.044000
0 0.924500 0.864667 0.041000 0.029333
0 0.925000 0.905000 0.010000 0.022000
0 0.858000 0.905667 0.017000 0.012667
0 0.883000 0.776333 0.030000 0.032667
0 0.928500 0.764333 0.036000 0.086000
0 0.962750 0.769667 0.018500 0.082000
0 0.968000 0.841667 0.013000 0.020667
0 0.901750 0.826000 0.007500 0.004000
0 0.911000 0.684667 0.040000 0.032000
0 0.983250 0.663667 0.008500 0.019333
0 0.919750 0.621333 0.024500 0.037333
0 0.956500 0.616000 0.016000 0.030667
0 0.903000 0.582000 0.017000 0.017333
0 0.940500 0.532667 0.014000 0.022667
0 0.983750 0.521333 0.031500 0.025333
0 0.987000 0.923667 0.026000 0.063333
0 0.318500 0.674000 0.015000 0.037333
