0 0.156000 0.340000 0.033000 0.024000
0 0.147750 0.143000 0.026500 0.030000
0 0.183000 0.292333 0.030000 0.028667
0 0.245000 0.986333 0.015000 0.008667
0 0.276750 0.876000 0.019500 0.016000
0 0.394250 0.936000 0.011500 0.021333
0 0.377750 0.697000 0.025500 0.031333
0 0.292750 0.595333 0.019500 0.026667
0 0.470500 0.730000 0.017000 0.024000
0 0.437750 0.659667 0.026500 0.036667
0 0.390750 0.437333 0.027500 0.025333
0 0.397500 0.315667 0.033000 0.035333
0 0.293250 0.273333 0.022500 0.018667
0 0.319750 0.094667 0.024500 0.041333
0 0.411000 0.086333 0.017000 0.010000
0 0.357000 0.500000 0.020000 0.024000
0 0.331000 0.510667 0.013000 0.020000
0 0.394750 0.591333 0.025500 0.021333
0 0.523250 0.437000 0.024500 0.028667
0 0.574000 0.320667 0.029000 0.025333
0 0.522250 0.206000 0.024500 0.030667
0 0.561000 0.011667 0.023000 0.022000
0 0.822000 0.681333 0.031000 0.045333
0 0.863500 0.603000 0.022000 0.039333
0 0.736750 0.654333 0.022500 0.016667
0 0.767750 0.705000 0.022500 0.036667
0 0.734750 0.708667 0.013500 0.024000
0 0.668500 0.686000 0.015000 0.016000
0 0.748250 0.780333 0.025500 0.016667
0 0.727250 0.896667 0.026500 0.050667
0 0.764750 0.930667 0.024500 0.020000
0 0.812000 0.927333 0.015000 0.018667
0 0.836250 0.796667 0.021500 0.013333
0 0.790500 0.977333 0.017000 0.017333
0 0.780000 0.575667 0.017000 0.010000
0 0.804500 0.147667 0.015000 0.034000
0 0.785250 0.080333 0.010500 0.018000
0 0.916250 0.008000 0.025500 0.013333
0 0.959250 0.189667 0.009500 0.020667
0 0.980000 0.375667 0.013000 0.032667
0 0.877750 0.294000 0.008500 0.025333
0 0.992250 0.503667 0.015500 0.028667
