0 0.006500 0.247667 0.008000 0.032667
0 0.026250 0.539000 0.015500 0.022000
0 0.017500 0.627000 0.024000 0.040667
0 0.005750 0.721333 0.010500 0.014667
0 0.012250 0.768000 0.023500 0.020000
0 0.049750 0.709333 0.014500 0.022667
0 0.082500 0.767333 0.017000 0.020000
0 0.169000 0.762000 0.028000 0.037333
0 0.113000 0.697333 0.023000 0.022667
0 0.084250 0.635667 0.021500 0.038000
0 0.140750 0.659333 0.014500 0.024000
0 0.187500 0.651667 0.026000 0.020667
0 0.241000 0.680667 0.019000 0.052000
0 0.281500 0.737667 0.010000 0.027333
0 0.277500 0.661333 0.019000 0.024000
0 0.150250 0.604333 0.026500 0.024667
0 0.198750 0.595667 0.013500 0.030000
0 0.138000 0.565000 0.024000 0.019333
0 0.132750 0.513667 0.020500 0.026000
0 0.204750 0.452667 0.016500 0.021333
0 0.178750 0.470000 0.020500 0.022667
0 0.162500 0.536000 0.013000 0.009333
0 0.218000 0.380667 0.013000 0.024000
0 0.264750 0.604333 0.018500 0.036667
0 0.149000 0.387333 0.021000 0.029333
0 0.112000 0.341667 0.025000 0.062000
0 0.145250 0.314000 0.028500 0.029333
0 0.265500 0.316000 0.043000 0.025333
0 0.190000 0.284000 0.035000 0.024000
0 0.143250 0.221333 0.076500 0.076000
0 0.154750 0.267667 0.009500 0.016667
0 0.209000 0.162333 0.023000 0.019333
0 0.105000 0.139667 0.031000 0.047333
0 0.162750 0.122333 0.021500 0.027333
0 0.051250 0.077000 0.018500 0.015333
0 0.043000 0.309333 0.013000 0.012000
0 0.064500 0.371333 0.019000 0.021333
0 0.042750 0.413000 0.010500 0.004667
0 0.150250 0.017333 0.058500 0.028000
0 0.178750 0.058000 0.016500 0.017333
0 0.066500 0.006667 0.011000 0.012000
0 0.074250 0.045667 0.014500 0.011333
0 0.326250 0.299333 0.047500 0.058667
0 0.257250 0.163667 0.043500 0.054000
0 0.351750 0.143667 0.032500 0.039333
0 0.298750 0.082333 0.027500 0.024667
0 0.257750 0.083333 0.037500 0.017333
0 0.273500 0.108667 0.017000 0.013333
0 0.326000 0.111667 0.019000 0.019333
0 0.307750 0.144667 0.011500 0.028000
0 0.343500 0.243333 0.028000 0.022667
0 0.375000 0.067667 0.034000 0.047333
0 0.422500 0.120333 0.041000 0.056667
0 0.408000 0.077667 0.016000 0.027333
0 0.394250 0.026667 0.018500 0.029333
0 0.434000 0.012667 0.046000 0.024000
0 0.495250 0.012667 0.030500 0.024000
0 0.467500 0.094333 0.020000 0.034000
0 0.516500 0.065000 0.025000 0.031333
0 0.101000 0.817333 0.042000 0.049333
0 0.163500 0.806000 0.015000 0.016000
0 0.181750 0.828000 0.014500 0.022667
0 0.130250 0.875000 0.027500 0.046000
0 0.020500 0.842333 0.038000 0.039333
0 0.036750 0.967333 0.014500 0.029333
0 0.046250 0.940667 0.014500 0.021333
0 0.115500 0.986667 0.036000 0.026667
0 0.153500 0.992333 0.011000 0.015333
0 0.169500 0.971333 0.016000 0.026667
0 0.206000 0.969667 0.026000 0.032667
0 0.235750 0.940667 0.009500 0.018667
0 0.289000 0.942667 0.023000 0.017333
0 0.331750 0.910000 0.031500 0.028000
0 0.282000 0.873667 0.022000 0.020667
0 0.211750 0.871333 0.013500 0.018667
0 0.274000 0.812000 0.019000 0.018667
0 0.241250 0.799333 0.022500 0.014667
0 0.367750 0.861333 0.016500 0.029333
0 0.369500 0.955333 0.020000 0.016000
0 0.378750 0.987667 0.016500 0.019333
0 0.432250 0.991000 0.013500 0.018000
0 0.404500 0.994667 0.008000 0.010667
0 0.423750 0.929333 0.033500 0.028000
0 0.404250 0.954667 0.016500 0.017333
0 0.333250 0.779333 0.017500 0.013333
0 0.333500 0.626000 0.011000 0.022667
0 0.340250 0.558667 0.018500 0.026667
0 0.268500 0.473000 0.022000 0.026000
0 0.302500 0.496333 0.009000 0.015333
0 0.276750 0.553667 0.009500 0.010000
0 0.289000 0.433000 0.027000 0.027333
0 0.246000 0.444667 0.013000 0.016000
0 0.283500 0.400333 0.012000 0.015333
0 0.324750 0.391000 0.024500 0.036667
0 0.455500 0.210667 0.021000 0.032000
0 0.384250 0.233000 0.015500 0.027333
0 0.435250 0.252333 0.010500 0.024667
0 0.472000 0.255667 0.023000 0.026000
0 0.510250 0.246000 0.016500 0.028000
0 0.492750 0.278000 0.015500 0.022667
0 0.528500 0.285667 0.016000 0.027333
0 0.513500 0.339000 0.017000 0.042000
0 0.455750 0.317667 0.018500 0.011333
0 0.412250 0.355667 0.013500 0.015333
0 0.453250 0.379000 0.011500 0.026000
0 0.496750 0.412000 0.035500 0.040000
0 0.431500 0.393667 0.015000 0.022000
0 0.448750 0.433333 0.035500 0.026667
0 0.431750 0.459333 0.011500 0.014667
0 0.417000 0.432333 0.015000 0.014000
0 0.469750 0.480667 0.034500 0.042667
0 0.422250 0.527333 0.018500 0.018667
0 0.417000 0.563333 0.013000 0.014667
0 0.522500 0.592333 0.015000 0.019333
0 0.507000 0.735000 0.024000 0.022000
0 0.471250 0.765000 0.019500 0.030000
0 0.412750 0.672000 0.015500 0.017333
0 0.413750 0.707333 0.013500 0.017333
0 0.437500 0.856000 0.015000 0.021333
0 0.496000 0.898667 0.030000 0.040000
0 0.516250 0.815000 0.014500 0.015333
0 0.520500 0.869333 0.011000 0.018667
0 0.543000 0.890000 0.019000 0.037333
0 0.487000 0.976333 0.016000 0.026000
0 0.517000 0.985333 0.011000 0.029333
0 0.477750 0.628667 0.007500 0.022667
0 0.462750 0.164667 0.032500 0.026667
0 0.516000 0.153333 0.017000 0.024000
0 0.523250 0.188333 0.012500 0.019333
0 0.591250 0.030333 0.064500 0.051333
0 0.553000 0.104000 0.010000 0.034667
0 0.562000 0.068000 0.009000 0.008000
0 0.611000 0.098333 0.064000 0.059333
0 0.670000 0.053333 0.019000 0.032000
0 0.664500 0.116333 0.029000 0.050000
0 0.597750 0.145667 0.027500 0.024667
0 0.568500 0.139000 0.014000 0.031333
0 0.573500 0.197333 0.031000 0.044000
0 0.583750 0.263333 0.020500 0.028000
0 0.655250 0.247667 0.042500 0.056667
0 0.706750 0.124667 0.009500 0.013333
0 0.663750 0.320333 0.027500 0.059333
0 0.615500 0.306333 0.013000 0.024667
0 0.607750 0.354333 0.020500 0.027333
0 0.640250 0.402667 0.016500 0.060000
0 0.607750 0.436000 0.022500 0.028000
0 0.639000 0.505667 0.025000 0.050000
0 0.609750 0.468667 0.016500 0.010667
0 0.583000 0.500667 0.019000 0.022667
0 0.585000 0.555667 0.026000 0.038000
0 0.545750 0.542000 0.013500 0.012000
0 0.596500 0.592667 0.030000 0.021333
0 0.627500 0.641333 0.040000 0.034667
0 0.691500 0.499667 0.035000 0.080667
0 0.664500 0.490000 0.008000 0.017333
0 0.658250 0.551667 0.020500 0.026000
0 0.623000 0.547667 0.014000 0.015333
0 0.627250 0.773000 0.027500 0.064667
0 0.678500 0.800667 0.024000 0.032000
0 0.650500 0.847000 0.024000 0.015333
0 0.620750 0.946000 0.026500 0.060000
0 0.650500 0.783333 0.006000 0.014667
0 0.663250 0.716000 0.010500 0.013333
0 0.760500 0.983333 0.043000 0.029333
0 0.836250 0.980000 0.020500 0.040000
0 0.885500 0.933333 0.033000 0.050667
0 0.789500 0.948000 0.021000 0.024000
0 0.756750 0.912333 0.020500 0.020667
0 0.795750 0.892667 0.023500 0.056000
0 0.827500 0.914000 0.019000 0.040000
0 0.821250 0.832667 0.045500 0.046667
0 0.767750 0.820000 0.012500 0.014667
0 0.740750 0.793667 0.014500 0.036667
0 0.773000 0.772667 0.028000 0.048000
0 0.819750 0.709000 0.024500 0.044667
0 0.755500 0.701000 0.026000 0.044667
0 0.702250 0.717667 0.025500 0.016667
0 0.866750 0.682333 0.022500 0.024667
0 0.832500 0.594667 0.038000 0.045333
0 0.782000 0.602333 0.015000 0.026000
0 0.756000 0.558000 0.013000 0.020000
0 0.686750 0.568000 0.005500 0.014667
0 0.829500 0.506333 0.018000 0.028667
0 0.772250 0.481667 0.017500 0.014000
0 0.732500 0.482667 0.017000 0.022667
0 0.804500 0.396333 0.083000 0.119333
0 0.806250 0.307000 0.071500 0.047333
0 0.742500 0.292333 0.047000 0.071333
0 0.789000 0.257333 0.018000 0.034667
0 0.864000 0.201667 0.016000 0.032667
0 0.761000 0.181000 0.063000 0.067333
0 0.744000 0.238667 0.017000 0.028000
0 0.718250 0.244000 0.011500 0.024000
0 0.786500 0.107667 0.020000 0.051333
0 0.728750 0.086333 0.039500 0.094000
0 0.738000 0.018333 0.006000 0.018000
0 0.861250 0.025333 0.037500 0.026667
0 0.889750 0.006333 0.027500 0.011333
0 0.902250 0.089333 0.116500 0.052000
0 0.912000 0.190000 0.054000 0.040000
0 0.908250 0.261667 0.034500 0.048667
0 0.957500 0.209333 0.025000 0.029333
0 0.980750 0.047000 0.013500 0.030000
0 0.958250 0.375333 0.035500 0.054667
0 0.955250 0.473667 0.033500 0.020667
0 0.940750 0.508667 0.026500 0.028000
0 0.903500 0.514333 0.029000 0.031333
0 0.918000 0.673000 0.052000 0.075333
0 0.959250 0.677667 0.028500 0.028667
0 0.893750 0.748667 0.019500 0.044000
0 0.931250 0.835667 0.014500 0.026000
0 0.942000 0.770000 0.021000 0.029333
0 0.962250 0.732667 0.008500 0.008000
0 0.909750 0.966667 0.018500 0.018667
0 0.968000 0.918667 0.031000 0.040000
