0 0.096750 0.033667 0.033500 0.038000
0 0.096000 0.365333 0.022000 0.029333
0 0.046500 0.276333 0.012000 0.020667
0 0.035750 0.192667 0.016500 0.020000
0 0.104500 0.428000 0.028000 0.028000
0 0.142500 0.443333 0.014000 0.016000
0 0.128250 0.503667 0.014500 0.019333
0 0.101500 0.545333 0.011000 0.024000
0 0.152000 0.589333 0.014000 0.021333
0 0.137000 0.741333 0.016000 0.020000
0 0.132000 0.834667 0.017000 0.021333
0 0.118250 0.899667 0.021500 0.036667
0 0.015250 0.909000 0.014500 0.019333
0 0.011250 0.947333 0.015500 0.021333
0 0.268750 0.991667 0.044500 0.012667
0 0.205250 0.881000 0.014500 0.030000
0 0.232250 0.862333 0.016500 0.019333
0 0.238000 0.915333 0.020000 0.014667
0 0.277000 0.940333 0.028000 0.039333
0 0.282000 0.883667 0.011000 0.010000
0 0.261750 0.764333 0.024500 0.026000
0 0.233500 0.659667 0.025000 0.028667
0 0.272000 0.343333 0.022000 0.014667
0 0.273000 0.380000 0.014000 0.016000
0 0.240250 0.109333 0.031500 0.034667
0 0.186500 0.014333 0.017000 0.014000
0 0.228750 0.013667 0.020500 0.016667
0 0.315750 0.174667 0.021500 0.022667
0 0.309500 0.214333 0.018000 0.030000
0 0.331250 0.270667 0.015500 0.017333
0 0.373250 0.184333 0.016500 0.012667
0 0.450000 0.147667 0.014000 0.019333
0 0.433000 0.310667 0.002000 0.005333
0 0.465250 0.318000 0.022500 0.024000
0 0.371250 0.468333 0.016500 0.012667
0 0.396250 0.571333 0.014500 0.028000
0 0.420750 0.533333 0.016500 0.028000
0 0.389000 0.522667 0.012000 0.012000
0 0.449250 0.410667 0.016500 0.021333
0 0.487000 0.442000 0.015000 0.021333
0 0.407000 0.702000 0.018000 0.026667
0 0.435000 0.660667 0.008000 0.013333
0 0.447750 0.731000 0.009500 0.008667
0 0.456750 0.817667 0.008500 0.007333
0 0.435750 0.860000 0.009500 0.014667
0 0.476500 0.848667 0.011000 0.020000
0 0.386750 0.908667 0.026500 0.018667
0 0.365500 0.826333 0.010000 0.022000
0 0.484250 0.944333 0.006500 0.007333
0 0.528250 0.964333 0.038500 0.036667
0 0.585250 0.979000 0.015500 0.023333
0 0.552750 0.888667 0.031500 0.050667
0 0.522000 0.817000 0.012000 0.010000
0 0.579750 0.827000 0.030500 0.030000
0 0.568500 0.678667 0.015000 0.020000
0 0.539500 0.620667 0.024000 0.048000
0 0.553750 0.507333 0.019500 0.008000
0 0.582500 0.419333 0.013000 0.024000
0 0.522750 0.348667 0.018500 0.014667
0 0.617250 0.281333 0.016500 0.014667
0 0.580000 0.260667 0.015000 0.016000
0 0.595250 0.336667 0.008500 0.012000
0 0.515750 0.160000 0.026500 0.034667
0 0.523250 0.020333 0.041500 0.027333
0 0.532750 0.098667 0.007500 0.016000
0 0.543250 0.055667 0.018500 0.016667
0 0.575000 0.048000 0.016000 0.012000
0 0.584000 0.012667 0.009000 0.009333
0 0.598750 0.034333 0.007500 0.020667
0 0.680250 0.163000 0.018500 0.028667
0 0.651000 0.206000 0.010000 0.016000
0 0.627500 0.165667 0.007000 0.015333
0 0.759000 0.165667 0.015000 0.019333
0 0.715250 0.261667 0.011500 0.034000
0 0.746250 0.249667 0.014500 0.015333
0 0.771000 0.255333 0.009000 0.016000
0 0.653500 0.374667 0.015000 0.008000
0 0.691500 0.410667 0.020000 0.026667
0 0.676250 0.499667 0.011500 0.012667
0 0.639750 0.582667 0.012500 0.018667
0 0.704250 0.654667 0.016500 0.020000
0 0.731000 0.752000 0.028000 0.033333
0 0.777000 0.724333 0.017000 0.024667
0 0.775750 0.585667 0.022500 0.015333
0 0.656500 0.793000 0.014000 0.020667
0 0.719250 0.853333 0.019500 0.017333
0 0.709750 0.952333 0.022500 0.022000
0 0.761000 0.914000 0.015000 0.025333
0 0.766000 0.993667 0.013000 0.012667
0 0.717250 0.687000 0.012500 0.022000
0 0.712000 0.987667 0.008000 0.014000
0 0.874750 0.977333 0.017500 0.025333
0 0.861750 0.892000 0.028500 0.040000
0 0.905750 0.962667 0.015500 0.016000
0 0.939500 0.980333 0.016000 0.019333
0 0.947500 0.937333 0.020000 0.036000
0 0.948750 0.843000 0.020500 0.031333
0 0.918500 0.771333 0.014000 0.021333
0 0.861750 0.644667 0.028500 0.020000
0 0.847500 0.589000 0.024000 0.038000
0 0.937250 0.581333 0.014500 0.026667
0 0.913500 0.561333 0.015000 0.028000
0 0.950250 0.507333 0.011500 0.012000
0 0.994250 0.513667 0.011500 0.020667
0 0.965500 0.502000 0.006000 0.014667
0 0.879750 0.543333 0.018500 0.016000
0 0.933250 0.697000 0.015500 0.024667
0 0.865750 0.513333 0.017500 0.024000
0 0.851500 0.475333 0.015000 0.021333
0 0.869250 0.392667 0.027500 0.033333
0 0.878000 0.306000 0.015000 0.038667
0 0.902000 0.267667 0.023000 0.023333
0 0.943000 0.349000 0.018000 0.027333
0 0.970250 0.355667 0.019500 0.019333
0 0.873500 0.093667 0.035000 0.058000
0 0.846250 0.054333 0.010500 0.015333
0 0.862500 0.008667 0.028000 0.013333
0 0.822500 0.120667 0.013000 0.014667
0 0.991500 0.032333 0.017000 0.024667
0 0.899500 0.043333 0.011000 0.012000
0 0.772250 0.007667 0.018500 0.014000
