0 0.025250 0.077333 0.012500 0.017333
0 0.018000 0.570333 0.011000 0.030000
0 0.005250 0.627667 0.007500 0.019333
0 0.153500 0.728000 0.023000 0.024000
0 0.161250 0.776667 0.014500 0.016000
0 0.159750 0.579667 0.018500 0.027333
0 0.189500 0.568667 0.011000 0.014667
0 0.123500 0.591333 0.017000 0.017333
0 0.093000 0.444000 0.018000 0.024000
0 0.120500 0.389333 0.018000 0.028000
0 0.135750 0.426000 0.016500 0.021333
0 0.111250 0.299333 0.022500 0.025333
0 0.099500 0.251333 0.013000 0.014667
0 0.100250 0.148000 0.014500 0.014667
0 0.126000 0.073333 0.027000 0.029333
0 0.100250 0.014667 0.015500 0.018667
0 0.152250 0.013333 0.009500 0.006667
0 0.184750 0.084333 0.011500 0.019333
0 0.220000 0.431667 0.008000 0.014000
0 0.316000 0.021333 0.036000 0.041333
0 0.313750 0.088333 0.016500 0.024667
0 0.281500 0.065667 0.015000 0.036667
0 0.245000 0.076333 0.013000 0.015333
0 0.232500 0.052000 0.014000 0.010667
0 0.233500 0.114667 0.012000 0.013333
0 0.287750 0.178333 0.023500 0.039333
0 0.314000 0.363667 0.009000 0.010000
0 0.237250 0.259333 0.010500 0.009333
0 0.307000 0.545333 0.019000 0.014667
0 0.344750 0.517333 0.014500 0.021333
0 0.374000 0.720000 0.030000 0.032000
0 0.378000 0.755667 0.026000 0.020667
0 0.428500 0.749667 0.013000 0.012667
0 0.280500 0.892667 0.016000 0.021333
0 0.312500 0.868000 0.013000 0.017333
0 0.386750 0.917000 0.018500 0.016667
0 0.377000 0.838333 0.012000 0.012667
0 0.275000 0.732000 0.018000 0.017333
0 0.297750 0.688333 0.014500 0.010000
0 0.373250 0.621000 0.009500 0.012667
0 0.386250 0.614667 0.006500 0.004000
0 0.470250 0.915667 0.018500 0.019333
0 0.441500 0.955000 0.010000 0.010000
0 0.428500 0.867333 0.006000 0.012000
0 0.500750 0.993667 0.019500 0.012667
0 0.526000 0.695000 0.012000 0.020667
0 0.478500 0.670000 0.009000 0.021333
0 0.463250 0.618000 0.026500 0.022667
0 0.515000 0.501000 0.019000 0.015333
0 0.531750 0.410333 0.010500 0.014000
0 0.432750 0.341333 0.009500 0.012000
0 0.417000 0.195000 0.022000 0.019333
0 0.456250 0.173667 0.019500 0.022000
0 0.418500 0.097667 0.011000 0.022000
0 0.605250 0.154000 0.022500 0.022667
0 0.630500 0.191667 0.028000 0.046000
0 0.678750 0.197000 0.019500 0.039333
0 0.716500 0.205000 0.023000 0.024667
0 0.684000 0.009333 0.032000 0.017333
0 0.678750 0.045667 0.024500 0.032667
0 0.671000 0.116333 0.010000 0.034000
0 0.774750 0.034333 0.017500 0.026000
0 0.677000 0.282333 0.031000 0.027333
0 0.706750 0.312333 0.020500 0.020667
0 0.674750 0.319000 0.013500 0.015333
0 0.591000 0.376333 0.018000 0.038000
0 0.595000 0.433333 0.031000 0.042667
0 0.832250 0.159000 0.045500 0.042000
0 0.834500 0.072667 0.032000 0.070667
0 0.859250 0.014333 0.036500 0.027333
0 0.906500 0.098667 0.039000 0.058667
0 0.933000 0.157000 0.019000 0.040667
0 0.896500 0.230667 0.007000 0.013333
0 0.973750 0.250667 0.037500 0.053333
0 0.862250 0.331667 0.013500 0.022000
0 0.918250 0.362667 0.014500 0.016000
0 0.880500 0.435667 0.014000 0.023333
0 0.807750 0.395667 0.020500 0.019333
0 0.769000 0.424667 0.020000 0.021333
0 0.727250 0.435667 0.013500 0.016667
0 0.742250 0.450333 0.010500 0.012667
0 0.712000 0.490333 0.010000 0.016667
0 0.646250 0.554000 0.037500 0.028000
0 0.661250 0.651000 0.017500 0.027333
0 0.670000 0.712333 0.019000 0.027333
0 0.621750 0.714000 0.011500 0.020000
0 0.701250 0.714667 0.013500 0.018667
0 0.695750 0.747333 0.009500 0.017333
0 0.716250 0.649667 0.040500 0.043333
0 0.782000 0.656667 0.037000 0.045333
0 0.826750 0.621667 0.020500 0.042000
0 0.762000 0.529333 0.017000 0.017333
0 0.938500 0.591333 0.070000 0.097333
0 0.945750 0.506333 0.031500 0.050000
0 0.969000 0.454333 0.043000 0.044667
0 0.991000 0.414000 0.011000 0.014667
0 0.991000 0.579333 0.014000 0.086667
0 0.989750 0.682000 0.019500 0.054667
0 0.931000 0.661333 0.026000 0.034667
0 0.902500 0.724667 0.031000 0.037333
0 0.864500 0.731667 0.022000 0.018000
0 0.880500 0.774667 0.038000 0.040000
0 0.984250 0.792000 0.031500 0.038667
0 0.973500 0.829000 0.013000 0.012667
0 0.845000 0.780333 0.011000 0.020667
0 0.773250 0.711667 0.012500 0.019333
0 0.835750 0.843000 0.024500 0.038000
0 0.853750 0.871667 0.021500 0.015333
0 0.929750 0.865000 0.025500 0.047333
0 0.902750 0.897333 0.019500 0.018667
0 0.898250 0.851333 0.010500 0.014667
0 0.950500 0.947000 0.031000 0.040667
0 0.992500 0.952333 0.014000 0.067333
0 0.776250 0.968000 0.025500 0.036000
0 0.817250 0.985667 0.018500 0.015333
0 0.851500 0.961667 0.011000 0.011333
0 0.712750 0.992333 0.010500 0.015333
0 0.712000 0.884333 0.028000 0.039333
0 0.738500 0.769000 0.007000 0.022000
0 0.712250 0.565000 0.017500 0.020667
