0 0.083750 0.027333 0.016500 0.025333
0 0.086500 0.141000 0.025000 0.028667
0 0.111500 0.178000 0.017000 0.021333
0 0.123000 0.269000 0.024000 0.027333
0 0.073250 0.279000 0.024500 0.022000
0 0.118750 0.416333 0.021500 0.018000
0 0.162250 0.469333 0.008500 0.016000
0 0.160000 0.915333 0.058000 0.046667
0 0.151500 0.788333 0.014000 0.019333
0 0.118250 0.740000 0.019500 0.026667
0 0.111750 0.557000 0.020500 0.043333
0 0.260500 0.931667 0.011000 0.028667
0 0.249000 0.748000 0.031000 0.042667
0 0.214500 0.612667 0.015000 0.058667
0 0.301750 0.655667 0.028500 0.039333
0 0.207000 0.531333 0.016000 0.032000
0 0.214750 0.247667 0.029500 0.038000
0 0.180250 0.152333 0.047500 0.023333
0 0.188250 0.214333 0.013500 0.028667
0 0.181750 0.066667 0.023500 0.042667
0 0.247250 0.094000 0.045500 0.029333
0 0.280750 0.025333 0.040500 0.036000
0 0.282000 0.246000 0.020000 0.026667
0 0.312500 0.317667 0.019000 0.023333
0 0.330750 0.292333 0.014500 0.022000
0 0.340250 0.196000 0.017500 0.014667
0 0.356750 0.112667 0.016500 0.012000
0 0.324750 0.055000 0.017500 0.027333
0 0.341250 0.087333 0.019500 0.020000
0 0.347250 0.495000 0.029500 0.063333
0 0.363250 0.577000 0.021500 0.018000
0 0.310500 0.574667 0.011000 0.021333
0 0.380500 0.526000 0.020000 0.021333
0 0.389500 0.460333 0.016000 0.012667
0 0.409500 0.913667 0.030000 0.032667
0 0.390500 0.861333 0.049000 0.032000
0 0.312500 0.837000 0.023000 0.030000
0 0.406500 0.736667 0.016000 0.021333
0 0.300000 0.425000 0.017000 0.018000
0 0.511750 0.768333 0.025500 0.038000
0 0.465000 0.765667 0.014000 0.018000
0 0.557500 0.627000 0.028000 0.036667
0 0.521750 0.424000 0.019500 0.016000
0 0.449250 0.426333 0.014500 0.016667
0 0.485750 0.331000 0.015500 0.023333
0 0.452000 0.342667 0.017000 0.010667
0 0.508750 0.176333 0.022500 0.036667
0 0.517000 0.084667 0.007000 0.008000
0 0.654250 0.080000 0.016500 0.026667
0 0.583750 0.115333 0.018500 0.025333
0 0.619750 0.163333 0.028500 0.034667
0 0.593750 0.250333 0.012500 0.014000
0 0.676250 0.234000 0.012500 0.021333
0 0.617500 0.317333 0.011000 0.014667
0 0.681750 0.428000 0.017500 0.022667
0 0.613250 0.549667 0.040500 0.060667
0 0.683000 0.550333 0.044000 0.052667
0 0.673000 0.486667 0.017000 0.018667
0 0.657500 0.630333 0.063000 0.043333
0 0.711000 0.892000 0.032000 0.080000
0 0.647750 0.949333 0.033500 0.025333
0 0.892000 0.982000 0.046000 0.029333
0 0.842750 0.797333 0.020500 0.033333
0 0.868250 0.867667 0.019500 0.016667
0 0.923500 0.780667 0.018000 0.041333
0 0.795250 0.611000 0.023500 0.018000
0 0.905500 0.413667 0.027000 0.040667
0 0.889250 0.309667 0.035500 0.036667
0 0.737500 0.259333 0.027000 0.021333
0 0.751750 0.170333 0.025500 0.023333
0 0.796000 0.036667 0.019000 0.020000
0 0.848000 0.102000 0.020000 0.016000
0 0.839000 0.039000 0.016000 0.019333
0 0.739000 0.019667 0.005000 0.007333
0 0.965000 0.036667 0.022000 0.026667
0 0.965250 0.214000 0.028500 0.072000
0 0.986000 0.473333 0.028000 0.036000
0 0.977500 0.770000 0.045000 0.033333
0 0.975250 0.940667 0.025500 0.029333
0 0.353000 0.018000 0.018000 0.016000
0 0.018000 0.640667 0.035000 0.049333
0 0.031500 0.925667 0.029000 0.040667
0 0.500250 0.969000 0.012500 0.019333
0 0.334750 0.971333 0.020500 0.038667
0 0.622000 0.838000 0.024000 0.026667
0 0.555500 0.788333 0.023000 0.012667
