0 0.074750 0.077667 0.027500 0.035333
0 0.014000 0.011000 0.019000 0.020667
0 0.080000 0.447000 0.109000 0.107333
0 0.098500 0.286667 0.069000 0.073333
0 0.133250 0.164667 0.023500 0.020000
0 0.194750 0.040667 0.027500 0.044000
0 0.139750 0.023667 0.010500 0.015333
0 0.082250 0.561333 0.055500 0.052000
0 0.020250 0.721667 0.027500 0.055333
0 0.089000 0.705333 0.022000 0.025333
0 0.086250 0.796667 0.074500 0.061333
0 0.097500 0.884667 0.061000 0.038667
0 0.019750 0.895667 0.009500 0.010000
0 0.022750 0.616667 0.006500 0.006667
0 0.161250 0.881000 0.013500 0.026000
0 0.205000 0.828000 0.033000 0.069333
0 0.202750 0.740667 0.013500 0.048000
0 0.192250 0.551333 0.018500 0.024000
0 0.146500 0.445667 0.010000 0.023333
0 0.209750 0.611667 0.004500 0.006000
0 0.166000 0.330667 0.030000 0.030667
0 0.238500 0.396000 0.023000 0.014667
0 0.203750 0.326667 0.028500 0.017333
0 0.192250 0.228000 0.030500 0.021333
0 0.203250 0.136333 0.057500 0.062000
0 0.284500 0.105000 0.033000 0.031333
0 0.339250 0.045333 0.041500 0.042667
0 0.372500 0.127000 0.028000 0.032667
0 0.274500 0.201667 0.015000 0.016667
0 0.345000 0.280333 0.038000 0.020667
0 0.374500 0.222333 0.015000 0.012667
0 0.294500 0.260000 0.014000 0.020000
0 0.282000 0.361333 0.030000 0.046667
0 0.316250 0.447667 0.029500 0.035333
0 0.363000 0.417667 0.021000 0.035333
0 0.349500 0.513000 0.050000 0.060667
0 0.281750 0.538000 0.026500 0.048000
0 0.271000 0.622333 0.033000 0.060667
0 0.330500 0.589333 0.027000 0.021333
0 0.302250 0.611333 0.014500 0.025333
0 0.345750 0.681000 0.025500 0.036667
0 0.264000 0.740333 0.026000 0.034000
0 0.288000 0.819333 0.016000 0.018667
0 0.274500 0.900333 0.013000 0.010000
0 0.339250 0.947667 0.024500 0.026000
0 0.486250 0.926000 0.021500 0.026667
0 0.424500 0.853333 0.030000 0.016000
0 0.465000 0.820667 0.045000 0.041333
0 0.541250 0.763333 0.013500 0.017333
0 0.481000 0.705000 0.026000 0.036667
0 0.435750 0.650667 0.028500 0.021333
0 0.496000 0.597333 0.021000 0.025333
0 0.423000 0.505000 0.018000 0.056667
0 0.483250 0.461333 0.027500 0.014667
0 0.421000 0.336333 0.018000 0.026000
0 0.475000 0.310000 0.014000 0.024000
0 0.425250 0.293000 0.020500 0.027333
0 0.425750 0.236667 0.025500 0.018667
0 0.453500 0.218667 0.015000 0.017333
0 0.455000 0.124333 0.016000 0.032667
0 0.531250 0.533333 0.008500 0.020000
0 0.602250 0.077667 0.036500 0.038000
0 0.656750 0.099000 0.040500 0.058000
0 0.632750 0.010333 0.020500 0.019333
0 0.679000 0.176667 0.019000 0.018667
0 0.605500 0.310000 0.021000 0.018667
0 0.660250 0.345333 0.028500 0.044000
0 0.598750 0.372333 0.028500 0.032667
0 0.601750 0.454333 0.043500 0.028667
0 0.633750 0.408667 0.013500 0.022667
0 0.699000 0.505333 0.017000 0.042667
0 0.693750 0.426333 0.014500 0.018000
0 0.617750 0.549667 0.024500 0.030000
0 0.684250 0.557667 0.036500 0.046000
0 0.660750 0.654667 0.021500 0.024000
0 0.623000 0.721333 0.022000 0.018667
0 0.627750 0.883333 0.012500 0.038667
0 0.664500 0.950667 0.010000 0.048000
0 0.573000 0.822333 0.012000 0.010000
0 0.762750 0.812333 0.023500 0.020667
0 0.736500 0.689000 0.015000 0.018000
0 0.815000 0.989667 0.013000 0.012667
0 0.807750 0.844000 0.025500 0.020000
0 0.759750 0.709333 0.012500 0.014667
0 0.776750 0.660667 0.019500 0.026667
0 0.864250 0.693000 0.025500 0.012667
0 0.841250 0.596333 0.037500 0.034000
0 0.870750 0.433667 0.043500 0.024667
0 0.795000 0.363333 0.021000 0.042667
0 0.898500 0.364000 0.029000 0.029333
0 0.813500 0.182333 0.050000 0.072667
0 0.846500 0.250667 0.020000 0.006667
0 0.882500 0.104333 0.029000 0.038000
0 0.749250 0.113000 0.010500 0.012667
0 0.819750 0.074667 0.020500 0.038667
0 0.983750 0.458333 0.030500 0.034000
0 0.984750 0.748000 0.030500 0.025333
0 0.683750 0.727333 0.003500 0.016000
0 0.966750 0.593333 0.005500 0.005333
0 0.960000 0.184667 0.017000 0.022667
0 0.957500 0.302333 0.021000 0.023333
0 0.837000 0.295000 0.014000 0.011333
0 0.863500 0.150333 0.010000 0.008667
0 0.782250 0.308667 0.025500 0.029333
0 0.171250 0.586000 0.025500 0.022667
0 0.140000 0.203000 0.018000 0.028667
0 0.155000 0.138000 0.020000 0.017333
0 0.090250 0.193667 0.024500 0.012667
