0 0.011750 0.127000 0.011500 0.027333
0 0.032250 0.156000 0.015500 0.018667
0 0.173250 0.096000 0.011500 0.013333
0 0.098250 0.406333 0.037500 0.042000
0 0.105750 0.484667 0.029500 0.028000
0 0.123500 0.673333 0.016000 0.024000
0 0.133750 0.564333 0.013500 0.018000
0 0.130750 0.770000 0.025500 0.033333
0 0.044250 0.798667 0.019500 0.021333
0 0.049250 0.896000 0.012500 0.018667
0 0.174750 0.987333 0.016500 0.024000
0 0.182750 0.916333 0.024500 0.031333
0 0.166000 0.798667 0.016000 0.020000
0 0.253750 0.821667 0.020500 0.022000
0 0.246250 0.921000 0.017500 0.015333
0 0.193750 0.682667 0.016500 0.024000
0 0.221000 0.670000 0.011000 0.016000
0 0.231500 0.607000 0.010000 0.004667
0 0.275000 0.638333 0.026000 0.016667
0 0.216500 0.454667 0.016000 0.021333
0 0.194250 0.575333 0.004500 0.013333
0 0.276000 0.223667 0.019000 0.020667
0 0.284250 0.103667 0.021500 0.020667
0 0.381000 0.059333 0.020000 0.033333
0 0.381500 0.020000 0.045000 0.024000
0 0.450750 0.093667 0.052500 0.043333
0 0.436750 0.182000 0.013500 0.010667
0 0.489750 0.176333 0.012500 0.028667
0 0.481750 0.207000 0.005500 0.011333
0 0.457750 0.241333 0.021500 0.021333
0 0.437250 0.303333 0.009500 0.020000
0 0.393000 0.274333 0.013000 0.023333
0 0.520500 0.256667 0.016000 0.018667
0 0.500250 0.277667 0.006500 0.014000
0 0.496250 0.138000 0.011500 0.012000
0 0.425500 0.526667 0.016000 0.018667
0 0.369000 0.576667 0.025000 0.025333
0 0.372500 0.721000 0.016000 0.022000
0 0.391250 0.788667 0.016500 0.030667
0 0.486250 0.891000 0.014500 0.012667
0 0.540250 0.951000 0.026500 0.042000
0 0.566750 0.968000 0.013500 0.028000
0 0.505000 0.798000 0.012000 0.020000
0 0.518250 0.767000 0.009500 0.014000
0 0.473000 0.782667 0.012000 0.018667
0 0.512750 0.703333 0.020500 0.024000
0 0.523500 0.648000 0.025000 0.044000
0 0.578000 0.608333 0.020000 0.031333
0 0.550250 0.645667 0.006500 0.011333
0 0.545250 0.670667 0.004500 0.006667
0 0.601500 0.734333 0.013000 0.016667
0 0.616250 0.749667 0.007500 0.008667
0 0.572000 0.874667 0.008000 0.006667
0 0.555500 0.394667 0.024000 0.042667
0 0.605500 0.445000 0.017000 0.026000
0 0.568500 0.460333 0.010000 0.019333
0 0.635250 0.474333 0.011500 0.016667
0 0.604000 0.371333 0.015000 0.018667
0 0.588750 0.397000 0.010500 0.015333
0 0.608000 0.306333 0.020000 0.046000
0 0.550500 0.164333 0.015000 0.015333
0 0.603500 0.188667 0.012000 0.016000
0 0.629000 0.159000 0.013000 0.030000
0 0.633750 0.120667 0.010500 0.024000
0 0.574250 0.072667 0.014500 0.018667
0 0.596250 0.076333 0.012500 0.016667
0 0.594750 0.041667 0.014500 0.019333
0 0.542500 0.034000 0.014000 0.013333
0 0.247500 0.171000 0.017000 0.019333
0 0.155250 0.169333 0.009500 0.012000
0 0.132500 0.394667 0.013000 0.026667
0 0.159000 0.017000 0.010000 0.011333
0 0.715500 0.024333 0.014000 0.027333
0 0.739750 0.037000 0.013500 0.014000
0 0.751750 0.059000 0.021500 0.018000
0 0.736750 0.106333 0.019500 0.022000
0 0.758750 0.082667 0.007500 0.016000
0 0.807250 0.032333 0.012500 0.019333
0 0.685000 0.121333 0.017000 0.024000
0 0.702000 0.203667 0.004000 0.023333
0 0.788750 0.178000 0.020500 0.020000
0 0.760750 0.189000 0.013500 0.022000
0 0.699500 0.271667 0.011000 0.027333
0 0.713250 0.263333 0.015500 0.017333
0 0.739250 0.280333 0.015500 0.020667
0 0.752750 0.233667 0.013500 0.014000
0 0.774750 0.306333 0.014500 0.010000
0 0.781000 0.213667 0.020000 0.030000
0 0.783750 0.394333 0.016500 0.024667
0 0.682000 0.446667 0.011000 0.009333
0 0.658250 0.572667 0.012500 0.022667
0 0.783000 0.440000 0.006000 0.020000
0 0.747000 0.572000 0.013000 0.016000
0 0.712000 0.792667 0.018000 0.032000
0 0.741250 0.765333 0.015500 0.016000
0 0.762500 0.793000 0.020000 0.015333
0 0.647500 0.955333 0.023000 0.026667
0 0.674250 0.967333 0.017500 0.021333
0 0.670500 0.883667 0.012000 0.012667
0 0.860500 0.995333 0.011000 0.009333
0 0.922000 0.993000 0.017000 0.008667
0 0.901000 0.963000 0.021000 0.014000
0 0.935000 0.911333 0.028000 0.042667
0 0.830500 0.828000 0.016000 0.022667
0 0.988750 0.945000 0.022500 0.026000
0 0.966250 0.901667 0.010500 0.015333
0 0.986000 0.794667 0.012000 0.018667
0 0.924750 0.727333 0.020500 0.020000
0 0.942500 0.763667 0.016000 0.019333
0 0.841500 0.688667 0.019000 0.018667
0 0.824000 0.638333 0.021000 0.023333
0 0.841000 0.609333 0.035000 0.036000
0 0.878500 0.662667 0.018000 0.025333
0 0.882250 0.690000 0.007500 0.013333
0 0.947750 0.686000 0.014500 0.032000
0 0.881750 0.562667 0.011500 0.017333
0 0.845250 0.515000 0.015500 0.015333
0 0.902000 0.483000 0.016000 0.023333
0 0.944500 0.485333 0.017000 0.018667
0 0.946750 0.529667 0.018500 0.016667
0 0.924500 0.555000 0.018000 0.022000
0 0.990000 0.476000 0.013000 0.021333
0 0.987250 0.543333 0.014500 0.034667
0 0.907000 0.443333 0.009000 0.006667
0 0.906250 0.258000 0.014500 0.028000
0 0.840500 0.369000 0.017000 0.018000
0 0.868250 0.387000 0.018500 0.015333
0 0.925750 0.207333 0.023500 0.021333
0 0.857250 0.187000 0.031500 0.059333
0 0.827750 0.178000 0.010500 0.012000
0 0.874750 0.133667 0.026500 0.023333
0 0.889000 0.008000 0.021000 0.014667
0 0.424750 0.974333 0.016500 0.014000
0 0.671500 0.606667 0.009000 0.013333
0 0.685750 0.631333 0.005500 0.009333
0 0.658250 0.779667 0.014500 0.016667
0 0.675500 0.758333 0.016000 0.011333
0 0.708000 0.731333 0.011000 0.010667
