0 0.055750 0.104667 0.029500 0.042667
0 0.046250 0.199000 0.021500 0.022000
0 0.002000 0.144333 0.003000 0.027333
0 0.010500 0.215000 0.020000 0.019333
0 0.039250 0.319000 0.018500 0.015333
0 0.063000 0.268667 0.010000 0.009333
0 0.077000 0.333333 0.021000 0.030667
0 0.033500 0.446667 0.060000 0.040000
0 0.043500 0.596333 0.064000 0.078000
0 0.151500 0.755000 0.015000 0.027333
0 0.166500 0.643000 0.012000 0.031333
0 0.128000 0.543000 0.019000 0.020667
0 0.198500 0.553000 0.026000 0.043333
0 0.181250 0.407667 0.014500 0.035333
0 0.227750 0.389667 0.014500 0.022000
0 0.227000 0.348667 0.020000 0.025333
0 0.187000 0.158333 0.049000 0.048667
0 0.238000 0.238667 0.014000 0.013333
0 0.132250 0.300333 0.013500 0.012667
0 0.124250 0.210000 0.015500 0.024000
0 0.108500 0.122000 0.031000 0.028000
0 0.200000 0.096667 0.014000 0.024000
0 0.136000 0.031000 0.009000 0.007333
0 0.284750 0.050667 0.029500 0.042667
0 0.340750 0.045667 0.013500 0.023333
0 0.295500 0.093333 0.013000 0.017333
0 0.287750 0.129333 0.012500 0.013333
0 0.221750 0.143000 0.003500 0.014000
0 0.353500 0.462000 0.011000 0.018667
0 0.291500 0.466000 0.017000 0.032000
0 0.339000 0.514667 0.027000 0.016000
0 0.408500 0.472333 0.020000 0.022000
0 0.376000 0.131667 0.016000 0.016667
0 0.383750 0.167667 0.020500 0.008667
0 0.398750 0.199667 0.016500 0.019333
0 0.354750 0.753000 0.019500 0.030000
0 0.300500 0.761333 0.024000 0.022667
0 0.394000 0.768000 0.020000 0.036000
0 0.358500 0.859333 0.013000 0.020000
0 0.372250 0.900667 0.011500 0.022667
0 0.366750 0.945000 0.015500 0.019333
0 0.320500 0.645667 0.008000 0.014000
0 0.486750 0.402667 0.022500 0.025333
0 0.551750 0.317000 0.014500 0.027333
0 0.568250 0.433000 0.011500 0.003333
0 0.514750 0.694333 0.017500 0.039333
0 0.567750 0.678000 0.017500 0.016000
0 0.539000 0.815333 0.007000 0.014667
0 0.502750 0.982667 0.016500 0.020000
0 0.514500 0.940000 0.018000 0.022667
0 0.459250 0.240333 0.028500 0.051333
0 0.453500 0.148667 0.018000 0.017333
0 0.625500 0.115333 0.022000 0.029333
0 0.661000 0.059333 0.026000 0.016000
0 0.665250 0.107667 0.018500 0.016667
0 0.626000 0.211000 0.011000 0.022000
0 0.657500 0.223667 0.023000 0.023333
0 0.683500 0.275333 0.014000 0.018667
0 0.689000 0.214667 0.025000 0.080000
0 0.628500 0.502000 0.016000 0.017333
0 0.583000 0.523667 0.022000 0.014000
0 0.662000 0.572667 0.024000 0.029333
0 0.606500 0.428667 0.014000 0.021333
0 0.656750 0.842000 0.012500 0.010667
0 0.185500 0.982000 0.022000 0.012000
0 0.122000 0.938000 0.022000 0.018667
0 0.015750 0.863667 0.021500 0.022000
0 0.716750 0.983667 0.010500 0.016667
0 0.801500 0.944667 0.022000 0.048000
0 0.829500 0.722667 0.019000 0.032000
0 0.840000 0.377667 0.020000 0.028667
0 0.817500 0.619000 0.017000 0.016667
0 0.845000 0.876667 0.009000 0.004000
0 0.794250 0.237667 0.032500 0.036667
0 0.773250 0.287333 0.032500 0.026667
0 0.854500 0.290000 0.013000 0.017333
0 0.837750 0.224333 0.013500 0.042000
0 0.825250 0.134667 0.024500 0.041333
0 0.753500 0.121000 0.015000 0.024667
0 0.790750 0.039667 0.018500 0.026000
0 0.904750 0.007667 0.016500 0.014000
0 0.939000 0.208667 0.022000 0.021333
0 0.924500 0.483000 0.017000 0.018000
0 0.815250 0.517667 0.029500 0.031333
0 0.942000 0.430667 0.017000 0.028000
0 0.989750 0.390333 0.020500 0.040667
0 0.990250 0.525333 0.014500 0.022667
0 0.904750 0.649000 0.016500 0.024667
0 0.911250 0.742667 0.015500 0.020000
0 0.925750 0.893667 0.014500 0.020667
0 0.957250 0.783000 0.025500 0.024667
0 0.947000 0.842667 0.010000 0.022667
0 0.989500 0.766667 0.017000 0.018667
0 0.984500 0.853000 0.017000 0.016667
