0 0.042750 0.038667 0.020500 0.024000
0 0.020750 0.074000 0.014500 0.021333
0 0.059500 0.267000 0.016000 0.050000
0 0.015000 0.346667 0.024000 0.026667
0 0.046000 0.379667 0.022000 0.038000
0 0.038750 0.451333 0.020500 0.033333
0 0.074000 0.453333 0.019000 0.024000
0 0.042500 0.531333 0.028000 0.036000
0 0.017000 0.749000 0.020000 0.023333
0 0.004250 0.800667 0.007500 0.017333
0 0.016000 0.845000 0.022000 0.032667
0 0.004750 0.967333 0.007500 0.021333
0 0.148500 0.884667 0.014000 0.018667
0 0.238000 0.888667 0.041000 0.040000
0 0.227000 0.977000 0.014000 0.012667
0 0.135250 0.808333 0.046500 0.048667
0 0.191000 0.805333 0.042000 0.025333
0 0.118750 0.740667 0.040500 0.029333
0 0.166250 0.712000 0.051500 0.040000
0 0.214500 0.676000 0.012000 0.010667
0 0.244500 0.757333 0.013000 0.009333
0 0.170250 0.465000 0.016500 0.024667
0 0.160000 0.568667 0.020000 0.020000
0 0.177000 0.590000 0.017000 0.012000
0 0.158250 0.641333 0.010500 0.017333
0 0.136250 0.423333 0.010500 0.021333
0 0.131750 0.330667 0.022500 0.033333
0 0.182500 0.310667 0.022000 0.026667
0 0.220000 0.331333 0.011000 0.025333
0 0.095250 0.258667 0.015500 0.020000
0 0.094750 0.315667 0.008500 0.018000
0 0.145250 0.164667 0.030500 0.030667
0 0.098500 0.107000 0.011000 0.012667
0 0.260000 0.172333 0.015000 0.019333
0 0.242000 0.291000 0.014000 0.015333
0 0.309750 0.118667 0.021500 0.042667
0 0.401250 0.179667 0.018500 0.018000
0 0.323000 0.488667 0.021000 0.030667
0 0.394750 0.419000 0.013500 0.012667
0 0.234500 0.703667 0.017000 0.010000
0 0.281000 0.702333 0.022000 0.018000
0 0.296750 0.928667 0.039500 0.049333
0 0.278500 0.990000 0.011000 0.020000
0 0.336000 0.956000 0.023000 0.013333
0 0.366750 0.594000 0.017500 0.020000
0 0.379750 0.664333 0.008500 0.012667
0 0.483250 0.467667 0.012500 0.015333
0 0.542000 0.757667 0.013000 0.027333
0 0.550750 0.439667 0.017500 0.028667
0 0.449750 0.332667 0.013500 0.020000
0 0.517750 0.271333 0.021500 0.030667
0 0.486500 0.142333 0.024000 0.024667
0 0.516500 0.085667 0.019000 0.044667
0 0.500250 0.005000 0.031500 0.008667
0 0.645000 0.961000 0.044000 0.078000
0 0.585000 0.846667 0.013000 0.018667
0 0.608000 0.810667 0.013000 0.014667
0 0.594500 0.492667 0.011000 0.022667
0 0.737250 0.412333 0.028500 0.028667
0 0.669250 0.312333 0.017500 0.019333
0 0.705000 0.973000 0.027000 0.054000
0 0.746750 0.918000 0.049500 0.100000
0 0.758750 0.992000 0.022500 0.016000
0 0.703500 0.827000 0.012000 0.011333
0 0.669750 0.732000 0.009500 0.016000
0 0.739250 0.749000 0.013500 0.027333
0 0.761750 0.717333 0.009500 0.025333
0 0.742750 0.699667 0.012500 0.023333
0 0.764250 0.781333 0.017500 0.012000
0 0.796250 0.828333 0.022500 0.022000
0 0.783500 0.915333 0.016000 0.033333
0 0.799250 0.895333 0.009500 0.017333
0 0.809250 0.942667 0.016500 0.025333
0 0.841250 0.926667 0.009500 0.026667
0 0.854250 0.985333 0.051500 0.029333
0 0.946750 0.985333 0.041500 0.029333
0 0.858000 0.930333 0.008000 0.019333
0 0.868750 0.900333 0.018500 0.034000
0 0.856750 0.851333 0.021500 0.030667
0 0.862250 0.806333 0.021500 0.030000
0 0.852750 0.737333 0.029500 0.025333
0 0.783750 0.617333 0.021500 0.052000
0 0.934500 0.914667 0.021000 0.056000
0 0.979250 0.949000 0.031500 0.038000
0 0.988500 0.892667 0.020000 0.038667
0 0.965000 0.772667 0.070000 0.093333
0 0.942000 0.830333 0.016000 0.018000
0 0.912000 0.657000 0.051000 0.091333
0 0.972750 0.673667 0.021500 0.047333
0 0.898000 0.588333 0.009000 0.019333
0 0.940250 0.575667 0.021500 0.016667
0 0.966250 0.548333 0.015500 0.027333
0 0.872750 0.497333 0.013500 0.025333
0 0.985750 0.394667 0.028500 0.076000
0 0.965500 0.464000 0.026000 0.037333
0 0.944000 0.387333 0.010000 0.025333
0 0.962000 0.422333 0.014000 0.023333
0 0.888500 0.414000 0.044000 0.077333
0 0.844000 0.444333 0.007000 0.030000
0 0.803750 0.279333 0.032500 0.036000
0 0.763500 0.261000 0.008000 0.024667
0 0.860500 0.315333 0.058000 0.078667
0 0.833750 0.217333 0.032500 0.030667
0 0.694250 0.078667 0.013500 0.034667
0 0.591750 0.050333 0.018500 0.026000
0 0.884500 0.188333 0.012000 0.026000
0 0.815750 0.136000 0.009500 0.028000
0 0.849250 0.110000 0.014500 0.025333
0 0.927750 0.121667 0.052500 0.048667
0 0.982250 0.079333 0.027500 0.053333
0 0.890750 0.023667 0.013500 0.046000
