0 0.017750 0.067333 0.028500 0.061333
0 0.010250 0.195000 0.019500 0.026000
0 0.014250 0.433333 0.013500 0.021333
0 0.075750 0.916333 0.026500 0.030000
0 0.144500 0.959667 0.015000 0.016667
0 0.156500 0.886667 0.017000 0.029333
0 0.116000 0.766333 0.036000 0.062000
0 0.107500 0.430667 0.036000 0.037333
0 0.138500 0.250333 0.019000 0.027333
0 0.198250 0.213000 0.021500 0.027333
0 0.138750 0.158333 0.011500 0.028667
0 0.204250 0.119667 0.016500 0.058000
0 0.327000 0.077667 0.013000 0.027333
0 0.335250 0.308000 0.047500 0.054667
0 0.293500 0.440000 0.013000 0.020000
0 0.341750 0.990667 0.013500 0.017333
0 0.510250 0.667000 0.024500 0.035333
0 0.398250 0.678000 0.015500 0.013333
0 0.531750 0.587333 0.018500 0.030667
0 0.524750 0.520333 0.012500 0.012667
0 0.482250 0.299333 0.017500 0.017333
0 0.437000 0.267667 0.012000 0.016667
0 0.421250 0.312000 0.015500 0.013333
0 0.421750 0.106333 0.018500 0.019333
0 0.690750 0.021667 0.033500 0.042000
0 0.726750 0.072333 0.023500 0.016667
0 0.738750 0.124000 0.014500 0.049333
0 0.685250 0.239667 0.025500 0.040667
0 0.753250 0.308667 0.011500 0.034667
0 0.645500 0.317667 0.021000 0.022000
0 0.710500 0.610000 0.031000 0.029333
0 0.761000 0.583333 0.011000 0.022667
0 0.858250 0.569667 0.023500 0.030000
0 0.956500 0.873000 0.014000 0.027333
0 0.897000 0.404667 0.020000 0.024000
0 0.967750 0.303000 0.013500 0.024667
0 0.985750 0.210667 0.023500 0.022667
0 0.963750 0.144000 0.009500 0.017333
0 0.862000 0.072000 0.016000 0.024000
