0 0.034750 0.032333 0.014500 0.015333
0 0.018000 0.288333 0.020000 0.024667
0 0.088000 0.758000 0.021000 0.013333
0 0.030250 0.808333 0.046500 0.062000
0 0.179500 0.828000 0.014000 0.022667
0 0.196000 0.944667 0.008000 0.012000
0 0.144500 0.478000 0.018000 0.028000
0 0.074000 0.412000 0.016000 0.024000
0 0.125250 0.075667 0.028500 0.042000
0 0.218500 0.276667 0.023000 0.033333
0 0.178500 0.305667 0.013000 0.019333
0 0.306750 0.216000 0.018500 0.022667
0 0.354250 0.476333 0.009500 0.014000
0 0.348500 0.417667 0.015000 0.014000
0 0.417500 0.939000 0.039000 0.036667
0 0.461500 0.867333 0.013000 0.022667
0 0.489750 0.842667 0.038500 0.026667
0 0.531000 0.811667 0.026000 0.019333
0 0.439000 0.748667 0.038000 0.058667
0 0.374250 0.764667 0.007500 0.022667
0 0.461000 0.597667 0.008000 0.006000
0 0.400000 0.334667 0.030000 0.033333
0 0.422250 0.287667 0.025500 0.016667
0 0.501000 0.350000 0.017000 0.017333
0 0.461000 0.359000 0.019000 0.012667
0 0.536250 0.232667 0.023500 0.014667
0 0.595000 0.232667 0.022000 0.017333
0 0.610250 0.268000 0.024500 0.017333
0 0.642750 0.202333 0.025500 0.030000
0 0.673000 0.028333 0.017000 0.014000
0 0.578500 0.502000 0.054000 0.037333
0 0.583750 0.631667 0.020500 0.019333
0 0.552750 0.643667 0.012500 0.010000
0 0.611000 0.698667 0.019000 0.024000
0 0.678000 0.582333 0.015000 0.019333
0 0.621250 0.549333 0.015500 0.012000
0 0.666750 0.961333 0.040500 0.032000
0 0.686500 0.918667 0.020000 0.024000
0 0.805750 0.901000 0.018500 0.020667
0 0.855500 0.820667 0.021000 0.036000
0 0.801750 0.798333 0.015500 0.039333
0 0.787000 0.733000 0.036000 0.039333
0 0.905250 0.959667 0.015500 0.024667
0 0.734250 0.645667 0.012500 0.022000
0 0.758250 0.618667 0.008500 0.037333
0 0.909000 0.849000 0.015000 0.020667
0 0.924000 0.990333 0.014000 0.019333
0 0.929500 0.833333 0.022000 0.017333
0 0.931250 0.876000 0.014500 0.024000
0 0.936000 0.774333 0.006000 0.007333
0 0.979750 0.762667 0.026500 0.030667
0 0.849000 0.739333 0.016000 0.022667
0 0.864750 0.662000 0.045500 0.029333
0 0.857750 0.603667 0.036500 0.026000
0 0.830250 0.553333 0.012500 0.009333
0 0.866500 0.519333 0.014000 0.017333
0 0.911000 0.494000 0.018000 0.044000
0 0.753250 0.435333 0.029500 0.022667
0 0.798000 0.425333 0.022000 0.034667
0 0.740000 0.486333 0.012000 0.010000
0 0.863500 0.228667 0.043000 0.037333
0 0.839000 0.318667 0.018000 0.025333
0 0.897750 0.269333 0.014500 0.018667
0 0.888000 0.142000 0.017000 0.028000
0 0.854250 0.038667 0.018500 0.021333
0 0.897750 0.086667 0.005500 0.005333
0 0.838250 0.007333 0.020500 0.013333
0 0.747000 0.032000 0.021000 0.029333
0 0.507250 0.141000 0.019500 0.020667
0 0.539250 0.124667 0.014500 0.030667
0 0.545000 0.440000 0.009000 0.017333
0 0.547250 0.381667 0.012500 0.008667
0 0.978750 0.508667 0.012500 0.018667
0 0.986000 0.169667 0.028000 0.023333
0 0.966750 0.977667 0.019500 0.035333
0 0.965250 0.936000 0.018500 0.016000
0 0.364250 0.055667 0.025500 0.028667
