0 0.088250 0.239333 0.025500 0.029333
0 0.116250 0.007000 0.023500 0.011333
0 0.021500 0.101667 0.028000 0.024667
0 0.139000 0.366667 0.024000 0.024000
0 0.128000 0.415667 0.013000 0.014000
0 0.114500 0.462667 0.020000 0.022667
0 0.105500 0.493000 0.023000 0.018000
0 0.100250 0.533667 0.021500 0.019333
0 0.068500 0.647667 0.032000 0.035333
0 0.102750 0.810667 0.037500 0.026667
0 0.137500 0.888000 0.023000 0.022667
0 0.051000 0.908667 0.017000 0.018667
0 0.095500 0.957000 0.029000 0.027333
0 0.080500 0.992333 0.012000 0.015333
0 0.234750 0.986667 0.018500 0.026667
0 0.278250 0.909000 0.028500 0.055333
0 0.205500 0.761000 0.017000 0.035333
0 0.221000 0.661333 0.016000 0.014667
0 0.199000 0.452667 0.015000 0.020000
0 0.216250 0.314000 0.029500 0.020000
0 0.206000 0.178000 0.022000 0.018667
0 0.270500 0.007667 0.011000 0.014000
0 0.358000 0.235000 0.018000 0.032667
0 0.394500 0.153333 0.020000 0.082667
0 0.356000 0.090333 0.027000 0.024667
0 0.450500 0.110000 0.016000 0.016000
0 0.420000 0.120000 0.014000 0.016000
0 0.421500 0.358667 0.013000 0.024000
0 0.370000 0.418667 0.029000 0.028000
0 0.375750 0.469000 0.023500 0.038000
0 0.359750 0.520667 0.021500 0.022667
0 0.363750 0.606667 0.024500 0.026667
0 0.512500 0.827333 0.020000 0.028000
0 0.657250 0.881000 0.028500 0.074000
0 0.639000 0.808000 0.018000 0.016000
0 0.666750 0.742000 0.022500 0.037333
0 0.620000 0.652667 0.020000 0.037333
0 0.566000 0.651333 0.017000 0.037333
0 0.553750 0.709333 0.011500 0.025333
0 0.593250 0.678667 0.007500 0.024000
0 0.571500 0.472000 0.015000 0.018667
0 0.518500 0.315000 0.017000 0.031333
0 0.570000 0.234000 0.018000 0.022667
0 0.530500 0.163333 0.024000 0.034667
0 0.559750 0.132000 0.021500 0.025333
0 0.578500 0.066000 0.037000 0.021333
0 0.364000 0.009333 0.032000 0.016000
0 0.590000 0.006000 0.033000 0.010667
0 0.508250 0.530667 0.013500 0.017333
0 0.751750 0.884000 0.026500 0.037333
0 0.833750 0.982333 0.022500 0.032667
0 0.825000 0.771000 0.016000 0.035333
0 0.772500 0.770667 0.036000 0.048000
0 0.732000 0.729333 0.017000 0.030667
0 0.668500 0.402667 0.017000 0.024000
0 0.561500 0.347667 0.020000 0.036667
0 0.515500 0.362667 0.012000 0.026667
0 0.654250 0.084000 0.027500 0.020000
0 0.719250 0.209333 0.019500 0.018667
0 0.767000 0.169000 0.015000 0.026000
0 0.728000 0.130000 0.017000 0.013333
0 0.816000 0.125667 0.015000 0.032667
0 0.790500 0.086667 0.017000 0.022667
0 0.793500 0.050667 0.018000 0.016000
0 0.816000 0.237333 0.019000 0.020000
0 0.784750 0.587000 0.018500 0.034000
0 0.715750 0.668333 0.026500 0.048667
0 0.714250 0.809000 0.023500 0.034000
0 0.936750 0.961000 0.060500 0.058000
0 0.967000 0.898000 0.015000 0.045333
0 0.991500 0.988667 0.017000 0.016000
0 0.946000 0.834333 0.017000 0.028667
0 0.972000 0.783667 0.008000 0.012667
0 0.914750 0.745667 0.058500 0.047333
0 0.962000 0.685333 0.049000 0.028000
0 0.993250 0.720333 0.013500 0.012667
0 0.904000 0.590333 0.022000 0.023333
0 0.937000 0.574667 0.014000 0.028000
0 0.974750 0.589000 0.023500 0.031333
0 0.977750 0.488667 0.021500 0.026667
0 0.908000 0.487000 0.020000 0.031333
0 0.905500 0.424667 0.025000 0.022667
0 0.959250 0.360000 0.026500 0.066667
0 0.918250 0.319333 0.029500 0.045333
0 0.989000 0.106000 0.022000 0.101333
0 0.902750 0.069000 0.022500 0.043333
0 0.940000 0.222333 0.014000 0.027333
0 0.992750 0.255667 0.008500 0.019333
0 0.948750 0.156000 0.026500 0.025333
0 0.806500 0.714667 0.047000 0.018667
