0 0.009750 0.270333 0.013500 0.024667
0 0.065000 0.892333 0.018000 0.034000
0 0.007000 0.875667 0.009000 0.012667
0 0.097750 0.949000 0.020500 0.018000
0 0.108500 0.895667 0.028000 0.018000
0 0.115250 0.824333 0.012500 0.015333
0 0.065500 0.794333 0.009000 0.011333
0 0.082250 0.679667 0.016500 0.019333
0 0.114750 0.649333 0.017500 0.018667
0 0.065250 0.613000 0.010500 0.018000
0 0.099000 0.594000 0.016000 0.014667
0 0.148000 0.568000 0.015000 0.022667
0 0.108250 0.304000 0.024500 0.013333
0 0.061250 0.256667 0.016500 0.017333
0 0.082750 0.212667 0.010500 0.020000
0 0.118500 0.190667 0.009000 0.021333
0 0.153250 0.194000 0.013500 0.025333
0 0.135500 0.141667 0.011000 0.019333
0 0.163250 0.122000 0.010500 0.022667
0 0.239250 0.094667 0.009500 0.012000
0 0.219750 0.022000 0.006500 0.017333
0 0.298500 0.236667 0.014000 0.018667
0 0.199750 0.224667 0.022500 0.028000
0 0.164000 0.304000 0.012000 0.014667
0 0.205750 0.293333 0.013500 0.022667
0 0.266500 0.433333 0.006000 0.021333
0 0.239000 0.477667 0.014000 0.016667
0 0.290500 0.541000 0.015000 0.015333
0 0.277250 0.924333 0.017500 0.026000
0 0.357500 0.895333 0.022000 0.040000
0 0.410250 0.939667 0.038500 0.042000
0 0.448750 0.992000 0.016500 0.016000
0 0.436250 0.821000 0.023500 0.026000
0 0.365750 0.797333 0.015500 0.013333
0 0.355500 0.702667 0.019000 0.025333
0 0.409500 0.705333 0.033000 0.056000
0 0.448500 0.694333 0.017000 0.022000
0 0.443500 0.650000 0.030000 0.028000
0 0.368250 0.591000 0.028500 0.019333
0 0.365000 0.551333 0.018000 0.029333
0 0.391000 0.503000 0.016000 0.024667
0 0.436250 0.491000 0.015500 0.016667
0 0.487750 0.487667 0.011500 0.020667
0 0.394750 0.326667 0.011500 0.013333
0 0.372500 0.233000 0.022000 0.020667
0 0.432750 0.216667 0.016500 0.020000
0 0.482250 0.289667 0.012500 0.024667
0 0.476500 0.106000 0.055000 0.038667
0 0.634750 0.068667 0.022500 0.018667
0 0.664750 0.197000 0.023500 0.032667
0 0.571000 0.376667 0.017000 0.029333
0 0.550500 0.467333 0.019000 0.024000
0 0.596000 0.481333 0.016000 0.016000
0 0.542750 0.530333 0.018500 0.019333
0 0.634750 0.505000 0.011500 0.015333
0 0.663500 0.397333 0.016000 0.018667
0 0.546500 0.729667 0.020000 0.040667
0 0.578500 0.677000 0.018000 0.023333
0 0.640750 0.638667 0.010500 0.006667
0 0.577500 0.980667 0.031000 0.037333
0 0.539750 0.947333 0.014500 0.010667
0 0.677000 0.853333 0.017000 0.017333
0 0.684250 0.892000 0.015500 0.034667
0 0.791750 0.970333 0.044500 0.059333
0 0.739250 0.951000 0.021500 0.056667
0 0.841000 0.969333 0.011000 0.016000
0 0.750250 0.877000 0.027500 0.052667
0 0.799500 0.863333 0.029000 0.029333
0 0.774000 0.763667 0.019000 0.028667
0 0.831000 0.771000 0.050000 0.094000
0 0.821500 0.834333 0.026000 0.027333
0 0.887750 0.847667 0.032500 0.056667
0 0.744750 0.694333 0.038500 0.032667
0 0.794250 0.659000 0.019500 0.024667
0 0.733750 0.583333 0.014500 0.040000
0 0.892250 0.626000 0.023500 0.058667
0 0.811000 0.577333 0.017000 0.018667
0 0.736500 0.522333 0.020000 0.030000
0 0.836500 0.519333 0.013000 0.021333
0 0.774750 0.446667 0.025500 0.025333
0 0.789250 0.481000 0.011500 0.012667
0 0.871000 0.383000 0.011000 0.026000
0 0.901750 0.355667 0.019500 0.027333
0 0.733000 0.386333 0.024000 0.027333
0 0.701500 0.328333 0.016000 0.015333
0 0.744500 0.313667 0.016000 0.015333
0 0.760250 0.342667 0.020500 0.029333
0 0.805000 0.331333 0.010000 0.021333
0 0.838000 0.209333 0.022000 0.026667
0 0.826500 0.087333 0.037000 0.040000
0 0.766250 0.138333 0.026500 0.015333
0 0.757750 0.190333 0.021500 0.020667
0 0.974250 0.472333 0.018500 0.027333
0 0.956250 0.679667 0.028500 0.020667
