0 0.106500 0.107667 0.028000 0.043333
0 0.103500 0.390667 0.026000 0.018667
0 0.138750 0.431667 0.045500 0.066000
0 0.113500 0.490000 0.015000 0.028000
0 0.249500 0.611000 0.015000 0.035333
0 0.188250 0.190333 0.037500 0.048667
0 0.150500 0.180333 0.019000 0.015333
0 0.257250 0.171667 0.029500 0.027333
0 0.255250 0.213667 0.021500 0.023333
0 0.258750 0.031333 0.009500 0.018667
0 0.063250 0.912000 0.011500 0.017333
0 0.014250 0.582333 0.020500 0.056667
0 0.068250 0.677667 0.011500 0.010000
0 0.047250 0.613333 0.018500 0.014667
0 0.023750 0.451667 0.024500 0.022000
0 0.053500 0.328667 0.008000 0.009333
0 0.016250 0.172333 0.012500 0.019333
0 0.287000 0.289000 0.020000 0.024667
0 0.278500 0.320667 0.014000 0.012000
0 0.258750 0.926667 0.016500 0.028000
0 0.342250 0.889000 0.017500 0.026000
0 0.224000 0.949000 0.017000 0.023333
0 0.459500 0.959333 0.023000 0.017333
0 0.440250 0.411000 0.014500 0.024667
0 0.450500 0.366000 0.023000 0.021333
0 0.407000 0.311667 0.018000 0.031333
0 0.378750 0.260333 0.014500 0.012667
0 0.346250 0.232000 0.011500 0.010667
0 0.440500 0.218000 0.018000 0.018667
0 0.354250 0.190333 0.032500 0.043333
0 0.377000 0.157333 0.015000 0.021333
0 0.448000 0.158000 0.018000 0.013333
0 0.458750 0.087000 0.013500 0.024667
0 0.408000 0.020000 0.019000 0.032000
0 0.449500 0.011000 0.021000 0.019333
0 0.527000 0.026000 0.019000 0.029333
0 0.511250 0.058333 0.010500 0.022000
0 0.548000 0.055333 0.014000 0.020000
0 0.490000 0.104667 0.008000 0.010667
0 0.482500 0.164333 0.007000 0.003333
0 0.573250 0.270333 0.043500 0.039333
0 0.561500 0.455000 0.019000 0.018000
0 0.569750 0.534000 0.017500 0.016000
0 0.642000 0.422000 0.011000 0.040000
0 0.615250 0.358333 0.031500 0.031333
0 0.626500 0.921667 0.014000 0.012667
0 0.638500 0.956667 0.015000 0.022667
0 0.666500 0.900000 0.014000 0.025333
0 0.694500 0.653333 0.016000 0.020000
0 0.394750 0.747667 0.016500 0.020667
0 0.640250 0.624000 0.013500 0.013333
0 0.695500 0.438000 0.011000 0.021333
0 0.637500 0.131333 0.023000 0.042667
0 0.660250 0.169333 0.014500 0.030667
0 0.644500 0.018667 0.013000 0.033333
0 0.686000 0.004667 0.006000 0.008000
0 0.701500 0.161667 0.020000 0.018000
0 0.714250 0.403667 0.009500 0.015333
0 0.811500 0.008667 0.021000 0.013333
0 0.866000 0.079000 0.015000 0.019333
0 0.859250 0.146667 0.023500 0.029333
0 0.873250 0.240333 0.020500 0.018000
0 0.912750 0.281000 0.021500 0.063333
0 0.839750 0.287667 0.016500 0.022000
0 0.778500 0.295667 0.014000 0.043333
0 0.824000 0.136000 0.011000 0.017333
0 0.808000 0.183667 0.018000 0.014000
0 0.837250 0.327667 0.016500 0.028667
0 0.734500 0.223333 0.021000 0.024000
0 0.863250 0.418333 0.013500 0.020667
0 0.849250 0.365000 0.015500 0.027333
0 0.893750 0.422667 0.024500 0.032000
0 0.927000 0.341667 0.012000 0.015333
0 0.822500 0.458667 0.027000 0.037333
0 0.837500 0.596333 0.021000 0.042000
0 0.738000 0.670333 0.020000 0.019333
0 0.740250 0.698667 0.011500 0.010667
0 0.810500 0.690000 0.018000 0.014667
0 0.868750 0.700000 0.035500 0.030667
0 0.857750 0.732667 0.019500 0.022667
0 0.872250 0.767333 0.024500 0.029333
0 0.767750 0.759000 0.016500 0.035333
0 0.697000 0.748333 0.011000 0.011333
0 0.562000 0.922667 0.016000 0.013333
0 0.531000 0.830333 0.011000 0.016667
0 0.544750 0.838000 0.008500 0.017333
0 0.565250 0.823000 0.011500 0.010000
0 0.555750 0.602333 0.010500 0.008667
0 0.874250 0.933667 0.020500 0.026000
0 0.898500 0.935333 0.017000 0.021333
0 0.914500 0.967000 0.015000 0.015333
0 0.905000 0.857333 0.012000 0.021333
0 0.930500 0.899667 0.012000 0.010000
0 0.929500 0.730000 0.013000 0.008000
0 0.744500 0.869333 0.016000 0.029333
0 0.994500 0.886333 0.011000 0.015333
0 0.553750 0.661667 0.007500 0.007333
0 0.942000 0.682333 0.012000 0.014000
0 0.960750 0.679333 0.011500 0.010667
0 0.956250 0.651000 0.016500 0.011333
0 0.924500 0.614333 0.025000 0.016667
0 0.975250 0.523333 0.012500 0.022667
0 0.948750 0.570000 0.016500 0.014667
0 0.961250 0.483667 0.010500 0.020667
0 0.929000 0.443333 0.025000 0.013333
0 0.971250 0.451000 0.014500 0.012667
0 0.988750 0.392000 0.012500 0.014667
0 0.961750 0.264000 0.034500 0.020000
0 0.992000 0.008667 0.016000 0.016000
0 0.920750 0.006333 0.016500 0.011333
0 0.912750 0.806000 0.007500 0.006667
0 0.853000 0.973667 0.021000 0.020667
0 0.811500 0.995667 0.006000 0.008667
0 0.824750 0.951333 0.008500 0.016000
0 0.846250 0.926333 0.012500 0.011333
0 0.879750 0.634000 0.007500 0.014667
0 0.872500 0.589333 0.015000 0.017333
0 0.741250 0.124333 0.013500 0.027333
0 0.714000 0.086000 0.011000 0.018667
0 0.332500 0.475333 0.035000 0.020000
0 0.160250 0.738000 0.028500 0.050667
0 0.174000 0.098333 0.012000 0.008667
0 0.207000 0.138667 0.020000 0.024000
