0 0.048500 0.018333 0.031000 0.035333
0 0.103750 0.045000 0.022500 0.024667
0 0.061750 0.081667 0.021500 0.027333
0 0.029500 0.132000 0.018000 0.020000
0 0.093250 0.133000 0.052500 0.032667
0 0.109750 0.196667 0.029500 0.029333
0 0.038500 0.216667 0.021000 0.029333
0 0.072000 0.301333 0.022000 0.021333
0 0.131500 0.339000 0.016000 0.011333
0 0.120000 0.436333 0.037000 0.040667
0 0.121000 0.505333 0.022000 0.028000
0 0.102000 0.605000 0.035000 0.032667
0 0.047500 0.647000 0.018000 0.034000
0 0.090000 0.654000 0.018000 0.022667
0 0.039500 0.745000 0.013000 0.019333
0 0.109750 0.840000 0.036500 0.076000
0 0.135250 0.799333 0.021500 0.021333
0 0.116000 0.952000 0.030000 0.034667
0 0.232750 0.901000 0.020500 0.019333
0 0.148250 0.700333 0.010500 0.010000
0 0.298750 0.988000 0.033500 0.024000
0 0.255000 0.269667 0.037000 0.031333
0 0.305000 0.278333 0.018000 0.026000
0 0.188500 0.287333 0.043000 0.026667
0 0.259250 0.095333 0.052500 0.060000
0 0.333250 0.069000 0.029500 0.063333
0 0.238000 0.018000 0.052000 0.034667
0 0.190500 0.105000 0.047000 0.059333
0 0.168250 0.010333 0.012500 0.019333
0 0.248500 0.638000 0.016000 0.041333
0 0.349250 0.486000 0.021500 0.018667
0 0.369500 0.154333 0.019000 0.030000
0 0.324000 0.152667 0.012000 0.013333
0 0.440750 0.166333 0.023500 0.039333
0 0.518500 0.079000 0.017000 0.020667
0 0.501750 0.282000 0.020500 0.026667
0 0.464000 0.284000 0.015000 0.028000
0 0.467250 0.329333 0.025500 0.022667
0 0.491750 0.368333 0.014500 0.018000
0 0.526500 0.390000 0.016000 0.022667
0 0.391750 0.544000 0.019500 0.026667
0 0.263500 0.328000 0.010000 0.014667
0 0.417750 0.599667 0.011500 0.032667
0 0.443750 0.571000 0.012500 0.012667
0 0.483250 0.632667 0.008500 0.020000
0 0.513250 0.660333 0.007500 0.030000
0 0.440250 0.955000 0.043500 0.036667
0 0.463500 0.821333 0.022000 0.020000
0 0.606500 0.944000 0.015000 0.018667
0 0.609250 0.757667 0.015500 0.034000
0 0.606000 0.677333 0.031000 0.044000
0 0.711750 0.694667 0.040500 0.089333
0 0.626750 0.584000 0.019500 0.026667
0 0.665250 0.635667 0.025500 0.028667
0 0.645750 0.410333 0.027500 0.028667
0 0.611500 0.471667 0.014000 0.032667
0 0.570000 0.587667 0.029000 0.028667
0 0.630000 0.217667 0.023000 0.035333
0 0.680500 0.289667 0.029000 0.036667
0 0.687500 0.194667 0.019000 0.030667
0 0.699750 0.125000 0.026500 0.046000
0 0.726750 0.162000 0.021500 0.025333
0 0.589000 0.104333 0.061000 0.030000
0 0.620500 0.160000 0.019000 0.018667
0 0.558750 0.161000 0.019500 0.058000
0 0.630000 0.041667 0.092000 0.082000
0 0.735250 0.099000 0.031500 0.035333
0 0.768750 0.060333 0.047500 0.055333
0 0.825750 0.014000 0.036500 0.026667
0 0.769500 0.014667 0.025000 0.028000
0 0.856000 0.052000 0.018000 0.049333
0 0.820000 0.130667 0.035000 0.076000
0 0.770500 0.224333 0.036000 0.031333
0 0.845500 0.179000 0.016000 0.039333
0 0.722000 0.357000 0.012000 0.024667
0 0.740250 0.379667 0.022500 0.024667
0 0.812750 0.435667 0.042500 0.054000
0 0.804500 0.506000 0.028000 0.029333
0 0.789500 0.587333 0.045000 0.050667
0 0.790000 0.625000 0.016000 0.012667
0 0.816000 0.674000 0.053000 0.042667
0 0.730000 0.597333 0.015000 0.030667
0 0.831750 0.744333 0.056500 0.058000
0 0.825750 0.842333 0.031500 0.055333
0 0.879750 0.903667 0.025500 0.031333
0 0.717750 0.868333 0.016500 0.019333
0 0.763250 0.918000 0.024500 0.022667
0 0.006000 0.886000 0.010000 0.021333
0 0.676750 0.416000 0.010500 0.017333
0 0.666250 0.729333 0.027500 0.025333
0 0.950750 0.983667 0.022500 0.032667
0 0.972250 0.908000 0.007500 0.030667
0 0.900750 0.668333 0.028500 0.094000
0 0.961500 0.670000 0.050000 0.065333
0 0.990500 0.570667 0.013000 0.048000
0 0.922000 0.599333 0.024000 0.021333
0 0.971000 0.269667 0.035000 0.036667
0 0.908250 0.158333 0.026500 0.030000
0 0.955000 0.101667 0.029000 0.035333
0 0.913000 0.049000 0.034000 0.030000
0 0.899250 0.801000 0.010500 0.024667
0 0.878500 0.836667 0.012000 0.018667
0 0.980500 0.838000 0.020000 0.064000
0 0.988500 0.777333 0.023000 0.028000
0 0.951250 0.742000 0.021500 0.040000
0 0.972500 0.512667 0.019000 0.021333
0 0.945750 0.357000 0.044500 0.058000
0 0.991000 0.387333 0.016000 0.020000
0 0.945750 0.137333 0.023500 0.021333
