0 0.030500 0.014667 0.023000 0.025333
0 0.067750 0.012667 0.009500 0.014667
0 0.097500 0.121333 0.043000 0.064000
0 0.126250 0.068000 0.014500 0.017333
0 0.080000 0.218333 0.011000 0.018000
0 0.069750 0.246667 0.013500 0.014667
0 0.103000 0.237000 0.027000 0.023333
0 0.112500 0.263000 0.017000 0.020667
0 0.129500 0.234333 0.015000 0.008667
0 0.141750 0.200333 0.016500 0.010000
0 0.072500 0.324000 0.023000 0.024000
0 0.108500 0.320333 0.012000 0.007333
0 0.155750 0.274000 0.015500 0.013333
0 0.052500 0.377333 0.020000 0.032000
0 0.015500 0.460333 0.028000 0.040667
0 0.033750 0.491667 0.014500 0.014000
0 0.089750 0.471000 0.021500 0.024667
0 0.111750 0.440667 0.024500 0.032000
0 0.139000 0.513333 0.018000 0.016000
0 0.150000 0.434667 0.021000 0.034667
0 0.173250 0.321667 0.013500 0.022000
0 0.007000 0.747000 0.013000 0.028667
0 0.104250 0.717667 0.038500 0.024667
0 0.066000 0.753667 0.016000 0.022000
0 0.110250 0.675000 0.015500 0.012667
0 0.141000 0.675667 0.018000 0.022000
0 0.115250 0.764333 0.009500 0.027333
0 0.087250 0.927333 0.015500 0.013333
0 0.112000 0.809333 0.009000 0.017333
0 0.012750 0.929333 0.014500 0.017333
0 0.008500 0.842000 0.012000 0.014667
0 0.069500 0.863000 0.031000 0.020667
0 0.177250 0.989000 0.013500 0.022000
0 0.278500 0.994667 0.010000 0.010667
0 0.292250 0.946333 0.016500 0.012667
0 0.254500 0.869000 0.021000 0.039333
0 0.195250 0.935667 0.012500 0.015333
0 0.180500 0.859333 0.016000 0.036000
0 0.199250 0.826000 0.017500 0.013333
0 0.172750 0.784667 0.035500 0.037333
0 0.302250 0.829667 0.011500 0.010000
0 0.302500 0.771667 0.021000 0.018000
0 0.291750 0.727333 0.039500 0.037333
0 0.154000 0.713667 0.013000 0.015333
0 0.201750 0.725333 0.025500 0.020000
0 0.222500 0.657667 0.030000 0.027333
0 0.284000 0.602333 0.027000 0.026000
0 0.309500 0.648667 0.011000 0.008000
0 0.266250 0.496000 0.027500 0.029333
0 0.239750 0.597333 0.017500 0.020000
0 0.207000 0.593667 0.018000 0.026000
0 0.175250 0.584333 0.028500 0.016667
0 0.176000 0.536333 0.026000 0.039333
0 0.162250 0.494000 0.012500 0.014667
0 0.228750 0.472667 0.020500 0.016000
0 0.237750 0.427000 0.017500 0.028667
0 0.217000 0.396000 0.019000 0.028000
0 0.291750 0.312667 0.057500 0.048000
0 0.329000 0.344333 0.010000 0.016667
0 0.319250 0.393667 0.013500 0.051333
0 0.228750 0.190667 0.016500 0.020000
0 0.172250 0.183333 0.021500 0.032000
0 0.306500 0.234333 0.024000 0.039333
0 0.330500 0.669000 0.010000 0.020667
0 0.390250 0.106667 0.038500 0.052000
0 0.469000 0.117333 0.028000 0.028000
0 0.509750 0.154667 0.018500 0.021333
0 0.449750 0.266333 0.047500 0.050000
0 0.371000 0.310333 0.013000 0.024667
0 0.422500 0.403667 0.023000 0.026000
0 0.478000 0.383333 0.018000 0.020000
0 0.511250 0.391667 0.011500 0.027333
0 0.529250 0.371000 0.007500 0.012667
0 0.537000 0.263667 0.019000 0.015333
0 0.513000 0.244667 0.015000 0.014667
0 0.539000 0.165333 0.018000 0.014667
0 0.527750 0.451667 0.030500 0.020667
0 0.494500 0.466667 0.025000 0.029333
0 0.398750 0.463000 0.023500 0.027333
0 0.356750 0.495000 0.018500 0.031333
0 0.347250 0.537667 0.019500 0.019333
0 0.425000 0.588667 0.024000 0.021333
0 0.506250 0.543333 0.020500 0.033333
0 0.475500 0.519000 0.022000 0.022000
0 0.480750 0.577000 0.020500 0.024667
0 0.559500 0.475333 0.019000 0.022667
0 0.405500 0.683000 0.029000 0.038000
0 0.356500 0.651333 0.012000 0.005333
0 0.501500 0.778667 0.022000 0.046667
0 0.533250 0.654667 0.017500 0.018667
0 0.523250 0.619000 0.012500 0.010000
0 0.550250 0.617333 0.015500 0.021333
0 0.566500 0.687333 0.026000 0.032000
0 0.492250 0.859333 0.010500 0.018667
0 0.547500 0.847000 0.013000 0.011333
0 0.548500 0.923000 0.024000 0.050000
0 0.480000 0.974667 0.037000 0.026667
0 0.585250 0.971000 0.026500 0.012667
0 0.610000 0.064667 0.020000 0.032000
0 0.665500 0.028667 0.031000 0.032000
0 0.686750 0.076667 0.022500 0.025333
0 0.623750 0.271333 0.018500 0.024000
0 0.692500 0.310000 0.014000 0.026667
0 0.565750 0.341000 0.013500 0.028667
0 0.584500 0.396000 0.016000 0.017333
0 0.591250 0.506667 0.022500 0.029333
0 0.558250 0.547667 0.013500 0.048667
0 0.673500 0.472667 0.020000 0.018667
0 0.653000 0.518000 0.027000 0.040000
0 0.681000 0.550667 0.015000 0.062667
0 0.482750 0.708333 0.023500 0.030000
0 0.586750 0.732333 0.022500 0.018000
0 0.630750 0.646667 0.027500 0.050667
0 0.605750 0.804667 0.014500 0.030667
0 0.679000 0.804667 0.016000 0.025333
0 0.717750 0.829667 0.013500 0.023333
0 0.780250 0.800000 0.020500 0.070667
0 0.840750 0.870333 0.011500 0.020667
0 0.818000 0.937000 0.017000 0.026000
0 0.843500 0.966000 0.020000 0.034667
0 0.823750 0.723000 0.020500 0.022000
0 0.802750 0.767333 0.013500 0.020000
0 0.844750 0.606667 0.005500 0.014667
0 0.711500 0.659333 0.018000 0.013333
0 0.725500 0.794000 0.028000 0.026667
0 0.702750 0.829667 0.010500 0.010000
0 0.808750 0.456333 0.014500 0.022000
0 0.729000 0.444000 0.013000 0.017333
0 0.869250 0.575667 0.016500 0.015333
0 0.852000 0.540667 0.011000 0.010667
0 0.878750 0.520333 0.015500 0.022000
0 0.896250 0.466333 0.011500 0.019333
0 0.869750 0.402333 0.024500 0.026000
0 0.845750 0.372333 0.020500 0.039333
0 0.775500 0.229333 0.026000 0.020000
0 0.735250 0.186000 0.011500 0.014667
0 0.709250 0.170000 0.011500 0.020000
0 0.846000 0.169667 0.033000 0.062000
0 0.833750 0.114667 0.014500 0.008000
0 0.828750 0.043667 0.026500 0.048667
0 0.868500 0.069000 0.023000 0.024667
0 0.710750 0.025667 0.044500 0.032667
0 0.731250 0.059333 0.011500 0.020000
0 0.858500 0.012667 0.009000 0.024000
0 0.912500 0.018000 0.026000 0.034667
0 0.982750 0.007667 0.020500 0.014000
0 0.898250 0.183000 0.015500 0.015333
0 0.873000 0.251000 0.012000 0.007333
0 0.900000 0.244000 0.029000 0.038667
0 0.837250 0.283000 0.014500 0.027333
0 0.877250 0.286667 0.022500 0.014667
0 0.991000 0.162667 0.018000 0.048000
0 0.935250 0.368333 0.014500 0.014000
0 0.987000 0.350667 0.026000 0.028000
0 0.989500 0.428333 0.017000 0.047333
0 0.992000 0.515333 0.016000 0.024000
0 0.955500 0.655000 0.015000 0.022000
0 0.994750 0.652000 0.010500 0.025333
0 0.910250 0.718000 0.028500 0.025333
0 0.940250 0.817667 0.027500 0.020667
0 0.955750 0.750667 0.021500 0.013333
0 0.900000 0.958000 0.008000 0.010667
0 0.949250 0.474000 0.009500 0.013333
0 0.920000 0.131000 0.013000 0.028667
0 0.977250 0.045667 0.009500 0.011333
