0 0.028500 0.865000 0.054000 0.062000
0 0.148000 0.818667 0.045000 0.066667
0 0.130500 0.706333 0.036000 0.022000
0 0.139000 0.462333 0.030000 0.080667
0 0.023500 0.515333 0.018000 0.029333
0 0.021500 0.589000 0.013000 0.011333
0 0.099500 0.242333 0.031000 0.038000
0 0.063500 0.164667 0.019000 0.030667
0 0.099750 0.135000 0.016500 0.039333
0 0.071500 0.004000 0.020000 0.006667
0 0.059500 0.051333 0.011000 0.028000
0 0.188250 0.893000 0.013500 0.023333
0 0.270250 0.883333 0.080500 0.072000
0 0.240750 0.809333 0.037500 0.032000
0 0.229000 0.593000 0.037000 0.032667
0 0.228500 0.491667 0.032000 0.024667
0 0.185750 0.327000 0.023500 0.023333
0 0.233250 0.414667 0.014500 0.021333
0 0.259000 0.341000 0.026000 0.023333
0 0.110000 0.927667 0.012000 0.028667
0 0.160000 0.945000 0.026000 0.016667
0 0.138250 0.966333 0.017500 0.016667
0 0.342250 0.990000 0.017500 0.013333
0 0.338500 0.941000 0.012000 0.012667
0 0.315750 0.226000 0.020500 0.016000
0 0.291000 0.231333 0.012000 0.009333
0 0.292500 0.159667 0.026000 0.016667
0 0.210750 0.105000 0.021500 0.034000
0 0.155250 0.058333 0.027500 0.027333
0 0.269000 0.026000 0.022000 0.037333
0 0.424250 0.109333 0.061500 0.034667
0 0.350500 0.112333 0.018000 0.023333
0 0.368500 0.315333 0.050000 0.069333
0 0.422250 0.291000 0.025500 0.059333
0 0.376000 0.440000 0.019000 0.036000
0 0.429500 0.465000 0.016000 0.018000
0 0.448000 0.407333 0.018000 0.021333
0 0.470000 0.317333 0.023000 0.036000
0 0.460250 0.218667 0.014500 0.016000
0 0.412750 0.536000 0.033500 0.049333
0 0.383000 0.624333 0.017000 0.038000
0 0.472750 0.643333 0.016500 0.028000
0 0.387250 0.748333 0.017500 0.019333
0 0.362250 0.728000 0.024500 0.042667
0 0.432500 0.752333 0.016000 0.023333
0 0.383000 0.803667 0.015000 0.028667
0 0.448000 0.855667 0.018000 0.018000
0 0.439750 0.981667 0.012500 0.014000
0 0.564750 0.945667 0.053500 0.050000
0 0.618250 0.872000 0.014500 0.032000
0 0.664000 0.921667 0.015000 0.026000
0 0.617000 0.691000 0.063000 0.038000
0 0.674750 0.743333 0.044500 0.020000
0 0.615000 0.780000 0.032000 0.032000
0 0.551250 0.553000 0.026500 0.050000
0 0.678250 0.581000 0.013500 0.027333
0 0.604250 0.435667 0.018500 0.032667
0 0.628250 0.393667 0.024500 0.034000
0 0.544000 0.438667 0.018000 0.030667
0 0.536000 0.484667 0.020000 0.028000
0 0.690250 0.461667 0.013500 0.007333
0 0.605000 0.334333 0.023000 0.040667
0 0.657500 0.298333 0.042000 0.063333
0 0.587000 0.263000 0.026000 0.064667
0 0.531750 0.242000 0.034500 0.034667
0 0.535500 0.042333 0.015000 0.019333
0 0.679750 0.152000 0.019500 0.045333
0 0.707250 0.104333 0.025500 0.024667
0 0.700750 0.259667 0.012500 0.014000
0 0.617000 0.020667 0.010000 0.024000
0 0.647000 0.020333 0.011000 0.012667
0 0.786500 0.044333 0.019000 0.038000
0 0.794500 0.008667 0.021000 0.016000
0 0.827500 0.083000 0.023000 0.047333
0 0.863000 0.049667 0.012000 0.020667
0 0.779250 0.265667 0.036500 0.023333
0 0.802750 0.315333 0.018500 0.014667
0 0.797250 0.437000 0.026500 0.099333
0 0.832000 0.484000 0.020000 0.037333
0 0.868500 0.493333 0.012000 0.010667
0 0.762750 0.676333 0.030500 0.038000
0 0.833750 0.668667 0.045500 0.050667
0 0.817000 0.740667 0.042000 0.046667
0 0.867250 0.785667 0.024500 0.064667
0 0.821000 0.835000 0.025000 0.027333
0 0.855750 0.877667 0.032500 0.050000
0 0.809000 0.947667 0.047000 0.036667
0 0.974000 0.881000 0.023000 0.032667
0 0.971250 0.944000 0.017500 0.029333
0 0.859500 0.381333 0.016000 0.034667
0 0.990000 0.799333 0.020000 0.034667
0 0.946250 0.742333 0.020500 0.036667
0 0.954750 0.691000 0.012500 0.012667
0 0.962000 0.641333 0.024000 0.028000
0 0.926750 0.658000 0.021500 0.025333
0 0.940000 0.562000 0.026000 0.032000
0 0.972250 0.513000 0.044500 0.043333
0 0.974500 0.355333 0.043000 0.057333
0 0.932250 0.321333 0.018500 0.030667
0 0.983750 0.227000 0.016500 0.028667
0 0.950000 0.173000 0.040000 0.036667
0 0.936000 0.101667 0.031000 0.059333
0 0.921000 0.041667 0.031000 0.028667
0 0.978500 0.024000 0.043000 0.037333
0 0.014500 0.962000 0.014000 0.025333
0 0.042750 0.931333 0.019500 0.021333
