0 0.017750 0.182000 0.013500 0.017333
0 0.027500 0.594667 0.018000 0.022667
0 0.179250 0.766667 0.026500 0.018667
0 0.191000 0.458333 0.016000 0.019333
0 0.295500 0.189667 0.016000 0.038000
0 0.453000 0.776000 0.035000 0.042667
0 0.490000 0.929333 0.037000 0.030667
0 0.419750 0.594000 0.026500 0.018667
0 0.492750 0.512333 0.033500 0.028667
0 0.407250 0.355667 0.037500 0.038000
0 0.533250 0.326667 0.021500 0.022667
0 0.498750 0.260333 0.041500 0.050000
0 0.442250 0.011667 0.024500 0.019333
0 0.490250 0.027667 0.024500 0.035333
0 0.593500 0.086000 0.033000 0.036000
0 0.634750 0.010333 0.033500 0.019333
0 0.578500 0.366000 0.020000 0.045333
0 0.587500 0.308667 0.019000 0.018667
0 0.630500 0.380333 0.024000 0.031333
0 0.570500 0.530000 0.021000 0.029333
0 0.624000 0.528000 0.031000 0.020000
0 0.663000 0.482667 0.015000 0.040000
0 0.703250 0.500000 0.029500 0.046667
0 0.687750 0.653000 0.026500 0.031333
0 0.621000 0.902333 0.027000 0.014000
0 0.698750 0.934667 0.028500 0.045333
0 0.787250 0.728667 0.038500 0.044000
0 0.790500 0.894000 0.021000 0.017333
0 0.788000 0.824667 0.035000 0.022667
0 0.775000 0.782333 0.018000 0.032667
0 0.926750 0.701667 0.017500 0.027333
0 0.922000 0.405000 0.018000 0.038000
0 0.845500 0.155333 0.067000 0.114667
0 0.764500 0.159667 0.022000 0.055333
0 0.930500 0.342667 0.020000 0.026667
0 0.970500 0.265333 0.019000 0.028000
0 0.922500 0.295333 0.019000 0.028000
