0 0.088500 0.052667 0.061000 0.092000
0 0.056750 0.210667 0.030500 0.046667
0 0.048250 0.292667 0.031500 0.049333
0 0.082250 0.362667 0.041500 0.026667
0 0.075750 0.434333 0.051500 0.067333
0 0.045250 0.533667 0.038500 0.026000
0 0.043250 0.679000 0.021500 0.028667
0 0.026500 0.738000 0.019000 0.028000
0 0.077000 0.721333 0.013000 0.060000
0 0.023250 0.830333 0.012500 0.020667
0 0.020000 0.867000 0.011000 0.018000
0 0.185500 0.139667 0.029000 0.062000
0 0.183000 0.233667 0.065000 0.082000
0 0.202500 0.388333 0.046000 0.120667
0 0.177750 0.618667 0.024500 0.048000
0 0.175500 0.904667 0.046000 0.062667
0 0.167000 0.754333 0.041000 0.022000
0 0.218250 0.531333 0.020500 0.041333
0 0.341250 0.136000 0.097500 0.122667
0 0.320000 0.027333 0.022000 0.022667
0 0.328250 0.268667 0.081500 0.097333
0 0.336500 0.394333 0.081000 0.023333
0 0.322500 0.642000 0.073000 0.082667
0 0.313500 0.521333 0.052000 0.029333
0 0.313000 0.751667 0.084000 0.058000
0 0.293750 0.928667 0.018500 0.029333
0 0.298250 0.853000 0.078500 0.046000
0 0.360250 0.862000 0.020500 0.049333
0 0.363000 0.553333 0.026000 0.030667
0 0.381000 0.033000 0.041000 0.046000
0 0.483500 0.021667 0.038000 0.036667
0 0.446500 0.076333 0.064000 0.030000
0 0.466500 0.169333 0.068000 0.073333
0 0.431000 0.242000 0.026000 0.034667
0 0.491750 0.260333 0.047500 0.046000
0 0.474750 0.401000 0.038500 0.051333
0 0.415750 0.420333 0.020500 0.027333
0 0.434000 0.471333 0.022000 0.024000
0 0.437750 0.569333 0.019500 0.062667
0 0.442500 0.777333 0.084000 0.082667
0 0.465250 0.663667 0.020500 0.032667
0 0.632250 0.032667 0.043500 0.049333
0 0.643750 0.127667 0.040500 0.048667
0 0.580250 0.247667 0.072500 0.075333
0 0.559000 0.120000 0.038000 0.025333
0 0.564250 0.681333 0.035500 0.116000
0 0.625750 0.562667 0.020500 0.049333
0 0.648750 0.384000 0.035500 0.078667
0 0.623000 0.320000 0.033000 0.033333
0 0.567000 0.494667 0.018000 0.024000
0 0.620250 0.752333 0.019500 0.026000
0 0.632250 0.722333 0.015500 0.023333
0 0.566750 0.786667 0.036500 0.036000
0 0.574500 0.917333 0.038000 0.044000
0 0.654250 0.832667 0.033500 0.038667
0 0.655250 0.756667 0.013500 0.054667
0 0.768750 0.225000 0.047500 0.048667
0 0.757000 0.054000 0.099000 0.050667
0 0.774250 0.122333 0.015500 0.020667
0 0.751000 0.139333 0.017000 0.020000
0 0.795000 0.160000 0.016000 0.021333
0 0.718000 0.317333 0.046000 0.034667
0 0.720500 0.374000 0.018000 0.030667
0 0.736750 0.429333 0.044500 0.052000
0 0.809500 0.345000 0.032000 0.075333
0 0.711500 0.229667 0.051000 0.080667
0 0.798250 0.439000 0.039500 0.075333
0 0.802500 0.534000 0.036000 0.066667
0 0.709000 0.527333 0.028000 0.041333
0 0.746750 0.633000 0.016500 0.022000
0 0.745750 0.683667 0.044500 0.015333
0 0.699750 0.717667 0.019500 0.058000
0 0.701000 0.822000 0.027000 0.048000
0 0.767250 0.966000 0.039500 0.033333
0 0.811000 0.903000 0.017000 0.046000
0 0.757250 0.924333 0.016500 0.023333
0 0.926000 0.067667 0.095000 0.134000
0 0.914250 0.372000 0.122500 0.190667
0 0.955500 0.200333 0.031000 0.048667
0 0.965000 0.540333 0.030000 0.036667
0 0.877500 0.609667 0.055000 0.154000
0 0.868000 0.230000 0.020000 0.024000
0 0.907250 0.726000 0.054500 0.021333
0 0.963000 0.725333 0.036000 0.084000
0 0.900000 0.814000 0.038000 0.057333
0 0.868250 0.944000 0.028500 0.073333
0 0.928500 0.933667 0.026000 0.019333
0 0.972000 0.972667 0.018000 0.018667
