0 0.053750 0.010000 0.017500 0.016000
0 0.049500 0.050000 0.044000 0.028000
0 0.068750 0.122000 0.037500 0.049333
0 0.107500 0.162667 0.031000 0.105333
0 0.065250 0.210667 0.049500 0.040000
0 0.044500 0.344667 0.022000 0.058667
0 0.117250 0.332000 0.023500 0.038667
0 0.079500 0.463000 0.030000 0.019333
0 0.121000 0.401000 0.027000 0.023333
0 0.101250 0.520667 0.042500 0.046667
0 0.068250 0.600000 0.045500 0.069333
0 0.116250 0.583000 0.018500 0.028667
0 0.105250 0.678333 0.015500 0.019333
0 0.143500 0.673667 0.014000 0.018000
0 0.087250 0.717333 0.012500 0.018667
0 0.143000 0.804000 0.024000 0.025333
0 0.133000 0.859333 0.037000 0.025333
0 0.071500 0.895667 0.005000 0.016667
0 0.030750 0.922333 0.041500 0.100667
0 0.013500 0.562000 0.015000 0.025333
0 0.232750 0.958333 0.035500 0.038000
0 0.260000 0.893000 0.029000 0.028667
0 0.247000 0.781333 0.032000 0.033333
0 0.198750 0.706000 0.029500 0.034667
0 0.207000 0.631000 0.048000 0.083333
0 0.260000 0.678667 0.039000 0.030667
0 0.256000 0.521333 0.028000 0.073333
0 0.188250 0.454667 0.033500 0.066667
0 0.189500 0.310333 0.065000 0.064667
0 0.191250 0.186333 0.084500 0.130000
0 0.253750 0.131667 0.018500 0.022000
0 0.254500 0.193000 0.025000 0.024667
0 0.189250 0.055667 0.056500 0.071333
0 0.335250 0.042333 0.082500 0.080667
0 0.336500 0.361667 0.022000 0.031333
0 0.354000 0.176333 0.017000 0.023333
0 0.368750 0.252667 0.028500 0.088000
0 0.366000 0.371667 0.016000 0.030000
0 0.358000 0.473000 0.017000 0.027333
0 0.365000 0.422333 0.013000 0.015333
0 0.351750 0.592000 0.041500 0.033333
0 0.341250 0.664333 0.042500 0.066000
0 0.404750 0.647667 0.029500 0.035333
0 0.413500 0.574333 0.013000 0.028667
0 0.333250 0.732000 0.023500 0.042667
0 0.400750 0.756333 0.054500 0.114000
0 0.358750 0.833667 0.022500 0.022000
0 0.348750 0.925667 0.017500 0.020667
0 0.384500 0.935000 0.027000 0.036667
0 0.079000 0.925667 0.014000 0.014000
0 0.472750 0.589667 0.019500 0.024667
0 0.521250 0.635000 0.038500 0.048667
0 0.503250 0.736333 0.074500 0.087333
0 0.488250 0.868000 0.020500 0.034667
0 0.534250 0.946000 0.039500 0.070667
0 0.467000 0.382667 0.024000 0.038667
0 0.517500 0.358667 0.043000 0.122667
0 0.486250 0.271667 0.033500 0.036667
0 0.443000 0.290667 0.029000 0.026667
0 0.513750 0.181333 0.023500 0.049333
0 0.477750 0.090333 0.040500 0.054000
0 0.532500 0.036333 0.011000 0.015333
0 0.417750 0.242333 0.017500 0.016667
0 0.420000 0.279333 0.015000 0.020000
0 0.601250 0.034000 0.039500 0.028000
0 0.656000 0.052333 0.047000 0.080667
0 0.585500 0.101667 0.042000 0.048667
0 0.636750 0.112667 0.031500 0.028000
0 0.620500 0.146000 0.013000 0.017333
0 0.652750 0.155000 0.033500 0.046000
0 0.604000 0.194333 0.032000 0.028667
0 0.654750 0.243000 0.043500 0.084667
0 0.604750 0.266667 0.025500 0.029333
0 0.583250 0.311667 0.022500 0.020667
0 0.641500 0.312333 0.031000 0.038000
0 0.685000 0.347667 0.032000 0.048667
0 0.552000 0.390000 0.019000 0.012000
0 0.597500 0.407333 0.021000 0.026667
0 0.621000 0.363667 0.016000 0.008667
0 0.628000 0.408000 0.018000 0.020000
0 0.625000 0.439667 0.015000 0.015333
0 0.667500 0.433333 0.034000 0.049333
0 0.617250 0.491667 0.045500 0.043333
0 0.657000 0.524000 0.034000 0.022667
0 0.694250 0.567000 0.031500 0.047333
0 0.599500 0.604000 0.053000 0.069333
0 0.655250 0.604333 0.023500 0.035333
0 0.560500 0.664000 0.017000 0.012000
0 0.608500 0.678000 0.051000 0.042667
0 0.699000 0.665667 0.020000 0.018000
0 0.676500 0.692000 0.019000 0.030667
0 0.612750 0.772000 0.031500 0.033333
0 0.655750 0.771333 0.039500 0.045333
0 0.702500 0.739000 0.024000 0.024667
0 0.691500 0.818333 0.028000 0.034000
0 0.729000 0.683333 0.028000 0.016000
0 0.689250 0.873333 0.036500 0.017333
0 0.592000 0.849667 0.006000 0.016667
0 0.630000 0.955000 0.064000 0.084667
0 0.633000 0.883000 0.046000 0.036667
0 0.676000 0.942333 0.021000 0.022000
0 0.714500 0.900667 0.011000 0.021333
0 0.750000 0.954667 0.016000 0.049333
0 0.845000 0.953333 0.024000 0.048000
0 0.788500 0.847333 0.094000 0.096000
0 0.840250 0.757333 0.038500 0.040000
0 0.866750 0.835667 0.025500 0.047333
0 0.761750 0.646000 0.061500 0.028000
0 0.810000 0.593000 0.034000 0.058000
0 0.840750 0.667667 0.016500 0.023333
0 0.767500 0.693333 0.043000 0.036000
0 0.801250 0.781333 0.030500 0.026667
0 0.761500 0.517000 0.048000 0.066000
0 0.727500 0.535333 0.014000 0.012000
0 0.798250 0.508333 0.015500 0.031333
0 0.835000 0.530333 0.036000 0.030000
0 0.837250 0.481333 0.044500 0.032000
0 0.721000 0.430000 0.018000 0.018667
0 0.724000 0.393000 0.026000 0.024667
0 0.773750 0.423667 0.056500 0.092667
0 0.835750 0.373000 0.052500 0.092667
0 0.742000 0.267333 0.047000 0.058667
0 0.816750 0.283000 0.041500 0.090000
0 0.764750 0.344000 0.040500 0.046667
0 0.741000 0.201000 0.020000 0.031333
0 0.761250 0.071000 0.039500 0.055333
0 0.824250 0.082000 0.057500 0.065333
0 0.728250 0.011000 0.023500 0.020667
0 0.966750 0.043333 0.038500 0.072000
0 0.865750 0.008667 0.013500 0.012000
0 0.909500 0.138000 0.054000 0.086667
0 0.958250 0.137333 0.024500 0.025333
0 0.988750 0.173667 0.022500 0.034000
0 0.919000 0.245333 0.066000 0.068000
0 0.950250 0.342333 0.073500 0.056667
0 0.968250 0.450000 0.050500 0.056000
0 0.910000 0.468667 0.046000 0.041333
0 0.898500 0.502333 0.016000 0.022000
0 0.971750 0.541000 0.047500 0.087333
0 0.920250 0.586667 0.037500 0.065333
0 0.937000 0.652333 0.022000 0.024667
0 0.980750 0.678333 0.033500 0.034000
0 0.953250 0.712333 0.028500 0.035333
0 0.895500 0.764333 0.013000 0.018000
0 0.914750 0.741333 0.016500 0.021333
0 0.931500 0.800000 0.032000 0.070667
0 0.977750 0.847333 0.044500 0.054667
0 0.937750 0.930000 0.036500 0.133333
0 0.982250 0.962667 0.035500 0.061333
0 0.712250 0.981667 0.009500 0.010000
0 0.892750 0.354333 0.020500 0.047333
0 0.362500 0.105333 0.014000 0.025333
