0 0.027750 0.041667 0.036500 0.075333
0 0.042250 0.121000 0.072500 0.070000
0 0.107000 0.021000 0.019000 0.026000
0 0.142250 0.017667 0.017500 0.024667
0 0.121500 0.152000 0.071000 0.098667
0 0.117500 0.238333 0.047000 0.046000
0 0.058250 0.279667 0.011500 0.020667
0 0.056500 0.413000 0.033000 0.088667
0 0.029000 0.444667 0.007000 0.017333
0 0.067750 0.519000 0.068500 0.059333
0 0.058000 0.699333 0.047000 0.138667
0 0.079250 0.600333 0.028500 0.024667
0 0.035500 0.609333 0.018000 0.017333
0 0.117750 0.521000 0.013500 0.014000
0 0.045000 0.836000 0.024000 0.030667
0 0.016750 0.947333 0.008500 0.025333
0 0.061000 0.951000 0.027000 0.026000
0 0.131750 0.889000 0.012500 0.031333
0 0.170500 0.848667 0.014000 0.010667
0 0.183000 0.611000 0.030000 0.035333
0 0.310250 0.558000 0.014500 0.030667
0 0.199250 0.460000 0.015500 0.018667
0 0.233000 0.441333 0.017000 0.013333
0 0.297000 0.307333 0.007000 0.013333
0 0.205500 0.185333 0.018000 0.060000
0 0.167750 0.169000 0.007500 0.024667
0 0.197500 0.091333 0.013000 0.008000
0 0.170750 0.022333 0.010500 0.023333
0 0.291250 0.045667 0.029500 0.064667
0 0.233500 0.053000 0.019000 0.027333
0 0.298750 0.101667 0.001500 0.016667
0 0.329000 0.153667 0.009000 0.004667
0 0.330750 0.258000 0.014500 0.022667
0 0.390500 0.021667 0.012000 0.022000
0 0.451500 0.028000 0.016000 0.025333
0 0.484500 0.040333 0.021000 0.054000
0 0.395000 0.226333 0.026000 0.035333
0 0.425500 0.239667 0.012000 0.030000
0 0.421000 0.285000 0.013000 0.011333
0 0.407750 0.535333 0.037500 0.108000
0 0.465750 0.503667 0.025500 0.030000
0 0.484500 0.314000 0.014000 0.017333
0 0.358000 0.533667 0.011000 0.008667
0 0.367750 0.600333 0.013500 0.022000
0 0.435500 0.621667 0.010000 0.010000
0 0.459500 0.644333 0.012000 0.015333
0 0.472000 0.603000 0.016000 0.051333
0 0.491500 0.519000 0.003000 0.011333
0 0.370000 0.756333 0.018000 0.024667
0 0.406750 0.776000 0.015500 0.030667
0 0.399750 0.711000 0.010500 0.008667
0 0.431250 0.975333 0.019500 0.016000
0 0.548000 0.836667 0.080000 0.066667
0 0.575000 0.783000 0.017000 0.018000
0 0.526500 0.666333 0.036000 0.060667
0 0.529250 0.714000 0.017500 0.021333
0 0.606500 0.685333 0.021000 0.056000
0 0.585750 0.543667 0.044500 0.058000
0 0.570750 0.437000 0.045500 0.106000
0 0.600250 0.323000 0.045500 0.034000
0 0.606250 0.254333 0.012500 0.015333
0 0.519250 0.186667 0.015500 0.009333
0 0.526750 0.138333 0.023500 0.036667
0 0.591000 0.008333 0.019000 0.015333
0 0.576750 0.075333 0.039500 0.036000
0 0.681250 0.127333 0.023500 0.014667
0 0.769500 0.077000 0.031000 0.042000
0 0.778500 0.018333 0.014000 0.023333
0 0.781000 0.142333 0.011000 0.020667
0 0.776750 0.169333 0.006500 0.012000
0 0.706750 0.369000 0.019500 0.022000
0 0.708000 0.507000 0.021000 0.026000
0 0.743250 0.549000 0.014500 0.015333
0 0.768750 0.539000 0.013500 0.019333
0 0.744500 0.505333 0.007000 0.016000
0 0.765750 0.324000 0.015500 0.012000
0 0.739250 0.259000 0.011500 0.030000
0 0.710250 0.765667 0.021500 0.032667
0 0.745250 0.715000 0.008500 0.019333
0 0.683250 0.696000 0.029500 0.048000
0 0.671500 0.830000 0.010000 0.012000
0 0.674750 0.884667 0.015500 0.033333
0 0.658750 0.945000 0.010500 0.022000
0 0.684750 0.956333 0.006500 0.016667
0 0.715000 0.947000 0.017000 0.016667
0 0.723750 0.888667 0.023500 0.017333
0 0.810750 0.989667 0.025500 0.019333
0 0.797250 0.888000 0.025500 0.025333
0 0.768500 0.887333 0.009000 0.010667
0 0.572500 0.709667 0.009000 0.010000
0 0.582000 0.619667 0.011000 0.032667
0 0.536000 0.472000 0.017000 0.025333
0 0.853000 0.729667 0.029000 0.026000
0 0.858500 0.433667 0.060000 0.076667
0 0.857000 0.328667 0.045000 0.048000
0 0.901750 0.203667 0.013500 0.031333
0 0.875750 0.135000 0.029500 0.030000
0 0.862250 0.067333 0.026500 0.048000
0 0.966500 0.347667 0.014000 0.023333
0 0.929000 0.785000 0.035000 0.022000
0 0.966750 0.793000 0.021500 0.031333
0 0.971500 0.612000 0.010000 0.017333
0 0.936000 0.625667 0.012000 0.014000
0 0.962000 0.432333 0.024000 0.039333
0 0.892500 0.966333 0.014000 0.002000
0 0.920000 0.839333 0.006000 0.016000
0 0.913250 0.907333 0.018500 0.013333
0 0.383750 0.066000 0.022500 0.018667
