0 0.016250 0.068000 0.019500 0.033333
0 0.008000 0.009000 0.012000 0.016667
0 0.021000 0.298333 0.031000 0.088667
0 0.026750 0.385000 0.021500 0.032667
0 0.035750 0.501000 0.034500 0.058000
0 0.032750 0.670667 0.053500 0.061333
0 0.044500 0.619667 0.017000 0.023333
0 0.013250 0.747667 0.022500 0.040667
0 0.046250 0.747667 0.025500 0.048667
0 0.011750 0.790333 0.019500 0.011333
0 0.007000 0.820667 0.011000 0.010667
0 0.040250 0.818333 0.015500 0.023333
0 0.019000 0.906333 0.032000 0.046000
0 0.022750 0.948667 0.015500 0.014667
0 0.069000 0.946000 0.044000 0.037333
0 0.063500 0.854667 0.024000 0.022667
0 0.143750 0.981667 0.028500 0.020667
0 0.133000 0.922000 0.017000 0.024000
0 0.172750 0.910667 0.044500 0.026667
0 0.181000 0.790667 0.029000 0.034667
0 0.171250 0.846667 0.047500 0.061333
0 0.124000 0.876000 0.011000 0.021333
0 0.097500 0.726667 0.023000 0.030667
0 0.152250 0.733000 0.015500 0.026000
0 0.169500 0.678000 0.039000 0.037333
0 0.104500 0.655667 0.042000 0.039333
0 0.098000 0.582667 0.039000 0.068000
0 0.158750 0.592000 0.039500 0.048000
0 0.125000 0.543333 0.010000 0.013333
0 0.132000 0.501333 0.058000 0.049333
0 0.110500 0.398000 0.055000 0.038667
0 0.072000 0.353000 0.018000 0.038000
0 0.130000 0.339667 0.034000 0.024667
0 0.133250 0.197667 0.023500 0.036667
0 0.146250 0.271333 0.024500 0.032000
0 0.095000 0.126000 0.065000 0.061333
0 0.087750 0.072000 0.043500 0.032000
0 0.102250 0.027333 0.024500 0.022667
0 0.143750 0.026333 0.016500 0.028667
0 0.143500 0.096333 0.019000 0.048667
0 0.206250 0.046667 0.036500 0.076000
0 0.248250 0.078333 0.026500 0.034000
0 0.276500 0.063667 0.009000 0.018000
0 0.220500 0.143333 0.050000 0.062667
0 0.277500 0.166667 0.035000 0.045333
0 0.223500 0.205333 0.055000 0.033333
0 0.222250 0.231667 0.009500 0.018000
0 0.286750 0.227333 0.015500 0.034667
0 0.217750 0.284333 0.039500 0.058000
0 0.285000 0.303000 0.026000 0.060667
0 0.212500 0.342000 0.024000 0.038667
0 0.244000 0.331333 0.018000 0.026667
0 0.224250 0.405667 0.020500 0.030000
0 0.252000 0.416333 0.016000 0.014000
0 0.286250 0.370000 0.016500 0.056000
0 0.224000 0.461333 0.017000 0.049333
0 0.278500 0.454667 0.039000 0.020000
0 0.296250 0.480333 0.011500 0.014000
0 0.233500 0.522000 0.045000 0.048000
0 0.205000 0.532000 0.010000 0.024000
0 0.209000 0.593333 0.017000 0.012000
0 0.264750 0.586000 0.042500 0.052000
0 0.293500 0.549667 0.016000 0.012667
0 0.208250 0.655667 0.012500 0.047333
0 0.234250 0.646333 0.034500 0.038000
0 0.270250 0.684333 0.028500 0.064667
0 0.300750 0.645333 0.031500 0.022667
0 0.300250 0.667333 0.010500 0.005333
0 0.303750 0.719000 0.031500 0.048667
0 0.229000 0.732000 0.039000 0.065333
0 0.313000 0.818000 0.022000 0.044000
0 0.327750 0.742000 0.011500 0.024000
0 0.309250 0.886667 0.026500 0.022667
0 0.303000 0.946333 0.045000 0.032667
0 0.322750 0.991000 0.008500 0.018000
0 0.279250 0.782333 0.011500 0.015333
0 0.238500 0.822667 0.051000 0.068000
0 0.377500 0.927333 0.033000 0.066667
0 0.432000 0.954667 0.044000 0.034667
0 0.474250 0.903000 0.071500 0.038000
0 0.497500 0.861333 0.014000 0.028000
0 0.463500 0.817667 0.058000 0.066000
0 0.520750 0.806667 0.017500 0.006667
0 0.472250 0.753000 0.035500 0.047333
0 0.370500 0.797000 0.055000 0.031333
0 0.426500 0.750333 0.018000 0.015333
0 0.364000 0.681333 0.037000 0.078667
0 0.428750 0.702000 0.022500 0.026667
0 0.484000 0.682000 0.038000 0.030667
0 0.442500 0.631000 0.041000 0.054000
0 0.489000 0.620333 0.020000 0.039333
0 0.395500 0.612667 0.039000 0.056000
0 0.356000 0.598667 0.018000 0.022667
0 0.409750 0.540667 0.047500 0.036000
0 0.479000 0.552333 0.045000 0.070000
0 0.351250 0.491333 0.051500 0.049333
0 0.558250 0.950667 0.024500 0.024000
0 0.601750 0.986667 0.033500 0.026667
0 0.642750 0.917000 0.046500 0.071333
0 0.661000 0.972667 0.013000 0.020000
0 0.564500 0.885667 0.032000 0.032667
0 0.645000 0.848333 0.038000 0.043333
0 0.631750 0.778000 0.025500 0.033333
0 0.580500 0.806667 0.035000 0.042667
0 0.535500 0.737667 0.015000 0.054000
0 0.567750 0.764000 0.015500 0.021333
0 0.614750 0.705333 0.029500 0.064000
0 0.581250 0.717333 0.011500 0.012000
0 0.523750 0.632333 0.017500 0.030000
0 0.549250 0.668667 0.046500 0.021333
0 0.555500 0.647000 0.019000 0.016667
0 0.612500 0.604333 0.044000 0.079333
0 0.555750 0.567333 0.050500 0.053333
0 0.556000 0.613333 0.027000 0.018667
0 0.610000 0.532667 0.026000 0.032000
0 0.564250 0.428667 0.083500 0.148000
0 0.653250 0.447333 0.011500 0.017333
0 0.548000 0.333000 0.020000 0.018000
0 0.619000 0.335667 0.025000 0.027333
0 0.620500 0.257333 0.039000 0.044000
0 0.529750 0.241000 0.037500 0.086000
0 0.552250 0.176333 0.036500 0.032667
0 0.572000 0.146667 0.015000 0.025333
0 0.615250 0.156667 0.042500 0.069333
0 0.601500 0.224000 0.012000 0.010667
0 0.577500 0.248667 0.015000 0.021333
0 0.500000 0.198333 0.013000 0.015333
0 0.496750 0.317333 0.009500 0.002667
0 0.425250 0.466667 0.035500 0.054667
0 0.462500 0.392333 0.052000 0.028667
0 0.357500 0.391000 0.069000 0.090000
0 0.424750 0.314333 0.054500 0.039333
0 0.467750 0.280000 0.027500 0.049333
0 0.399500 0.254000 0.064000 0.037333
0 0.433500 0.191333 0.030000 0.038667
0 0.363000 0.175333 0.072000 0.064000
0 0.339250 0.270333 0.044500 0.086000
0 0.369250 0.047000 0.053500 0.083333
0 0.442000 0.060667 0.045000 0.042667
0 0.467500 0.146667 0.027000 0.030667
0 0.419500 0.136333 0.017000 0.020667
0 0.528250 0.058000 0.062500 0.053333
0 0.547250 0.008333 0.027500 0.015333
0 0.612250 0.032000 0.030500 0.062667
0 0.583000 0.060667 0.021000 0.033333
0 0.614250 0.104333 0.026500 0.026000
0 0.674750 0.058333 0.018500 0.019333
0 0.789500 0.032667 0.021000 0.025333
0 0.737250 0.070333 0.047500 0.051333
0 0.778500 0.100667 0.027000 0.064000
0 0.663500 0.117667 0.027000 0.026000
0 0.710750 0.143333 0.029500 0.034667
0 0.683750 0.208333 0.027500 0.024667
0 0.772250 0.195667 0.027500 0.046000
0 0.712000 0.257333 0.048000 0.050667
0 0.691750 0.334667 0.050500 0.052000
0 0.770250 0.304333 0.042500 0.031333
0 0.769250 0.366000 0.034500 0.029333
0 0.796500 0.346000 0.018000 0.013333
0 0.811500 0.309667 0.009000 0.011333
0 0.763000 0.407667 0.016000 0.010000
0 0.684000 0.409000 0.021000 0.028667
0 0.700500 0.500667 0.062000 0.081333
0 0.773750 0.477333 0.043500 0.072000
0 0.745250 0.547333 0.012500 0.010667
0 0.761250 0.577333 0.023500 0.020000
0 0.701750 0.614000 0.054500 0.088000
0 0.744750 0.629667 0.023500 0.030000
0 0.776500 0.629000 0.021000 0.035333
0 0.787000 0.689333 0.039000 0.049333
0 0.818000 0.681333 0.012000 0.016000
0 0.684250 0.746000 0.013500 0.024000
0 0.728750 0.718667 0.041500 0.062667
0 0.784250 0.753333 0.045500 0.054667
0 0.707500 0.801000 0.043000 0.056667
0 0.761500 0.820667 0.032000 0.046667
0 0.801000 0.821000 0.025000 0.046000
0 0.710500 0.906000 0.033000 0.094667
0 0.754750 0.903667 0.039500 0.042000
0 0.805000 0.931000 0.029000 0.127333
0 0.779250 0.987000 0.012500 0.020667
0 0.859250 0.985333 0.034500 0.021333
0 0.961000 0.984333 0.025000 0.031333
0 0.858250 0.894333 0.018500 0.048667
0 0.920000 0.876667 0.014000 0.032000
0 0.967750 0.866667 0.033500 0.045333
0 0.866000 0.737000 0.034000 0.062000
0 0.836250 0.728000 0.015500 0.024000
0 0.918000 0.779667 0.011000 0.016667
0 0.953000 0.781000 0.014000 0.030000
0 0.984000 0.787000 0.007000 0.011333
0 0.959000 0.680333 0.030000 0.047333
0 0.862000 0.558000 0.059000 0.045333
0 0.953500 0.589000 0.026000 0.048667
0 0.838250 0.510000 0.022500 0.033333
0 0.859750 0.474667 0.021500 0.016000
0 0.916500 0.460667 0.033000 0.024000
0 0.938500 0.508667 0.018000 0.020000
0 0.964000 0.457667 0.014000 0.020667
0 0.989000 0.574667 0.012000 0.010667
0 0.906750 0.404000 0.017500 0.034667
0 0.855000 0.315333 0.039000 0.042667
0 0.834000 0.398333 0.022000 0.015333
0 0.836750 0.260667 0.020500 0.046667
0 0.893250 0.164000 0.068500 0.122667
0 0.957500 0.202333 0.015000 0.022000
0 0.861750 0.057000 0.054500 0.060667
0 0.936750 0.062000 0.040500 0.069333
