0 0.079500 0.024333 0.071000 0.039333
0 0.201250 0.074000 0.083500 0.118667
0 0.303500 0.099000 0.036000 0.118000
0 0.424250 0.075000 0.109500 0.120667
0 0.586250 0.078667 0.055500 0.066667
0 0.661750 0.087667 0.027500 0.050000
0 0.585500 0.164333 0.066000 0.058000
0 0.779250 0.095667 0.039500 0.032667
0 0.864250 0.029333 0.191500 0.049333
0 0.693250 0.017333 0.024500 0.028000
0 0.733500 0.237667 0.065000 0.058000
0 0.716500 0.134333 0.018000 0.038000
0 0.837500 0.189000 0.102000 0.074000
0 0.820500 0.266333 0.034000 0.035333
0 0.959000 0.245000 0.082000 0.126000
0 0.880750 0.112333 0.024500 0.026000
0 0.944500 0.132667 0.037000 0.044000
0 0.045750 0.230000 0.072500 0.057333
0 0.392000 0.206000 0.018000 0.028000
0 0.365250 0.277000 0.059500 0.051333
0 0.492000 0.308333 0.067000 0.079333
0 0.580000 0.434333 0.100000 0.094000
0 0.624250 0.331000 0.019500 0.031333
0 0.728500 0.444000 0.114000 0.113333
0 0.864000 0.377333 0.096000 0.065333
0 0.980000 0.365333 0.040000 0.029333
0 0.955000 0.488667 0.027000 0.026667
0 0.049500 0.365667 0.016000 0.030000
0 0.051750 0.586667 0.067500 0.061333
0 0.146250 0.468667 0.041500 0.022667
0 0.021500 0.509667 0.021000 0.027333
0 0.070250 0.508000 0.025500 0.025333
0 0.220000 0.610667 0.029000 0.026667
0 0.291000 0.594000 0.054000 0.069333
0 0.407750 0.646667 0.021500 0.021333
0 0.611500 0.557333 0.035000 0.044000
0 0.551250 0.640667 0.027500 0.024000
0 0.600250 0.674000 0.025500 0.022667
0 0.741500 0.565667 0.098000 0.038000
0 0.841250 0.587333 0.026500 0.025333
0 0.947000 0.612333 0.053000 0.047333
0 0.052250 0.752000 0.057500 0.118667
0 0.288500 0.824333 0.047000 0.034000
0 0.279750 0.701667 0.023500 0.027333
0 0.390750 0.836667 0.025500 0.021333
0 0.543250 0.872000 0.084500 0.064000
0 0.933750 0.830000 0.120500 0.138667
0 0.965000 0.738667 0.017000 0.024000
0 0.076500 0.948333 0.063000 0.103333
0 0.404000 0.967000 0.069000 0.052667
0 0.497500 0.973333 0.054000 0.028000
0 0.916500 0.986667 0.167000 0.026667
0 0.979000 0.074667 0.032000 0.032000
