0 0.011000 0.123667 0.019000 0.032667
0 0.019250 0.208000 0.025500 0.037333
0 0.023750 0.358000 0.021500 0.086667
0 0.027750 0.476333 0.019500 0.058000
0 0.008500 0.647333 0.015000 0.229333
0 0.069750 0.095667 0.016500 0.040667
0 0.146500 0.197000 0.013000 0.019333
0 0.154000 0.249667 0.026000 0.034000
0 0.158500 0.343667 0.032000 0.068667
0 0.091250 0.317000 0.030500 0.036667
0 0.105250 0.256333 0.023500 0.054000
0 0.079750 0.404333 0.033500 0.087333
0 0.142000 0.465333 0.027000 0.022667
0 0.119000 0.530333 0.045000 0.032667
0 0.130250 0.597333 0.021500 0.049333
0 0.139750 0.668333 0.048500 0.020667
0 0.153250 0.816333 0.047500 0.076667
0 0.017500 0.895667 0.032000 0.034000
0 0.167500 0.958333 0.048000 0.070000
0 0.276000 0.971000 0.021000 0.058000
0 0.274500 0.091000 0.026000 0.032667
0 0.231250 0.176000 0.038500 0.082667
0 0.227750 0.330667 0.026500 0.036000
0 0.256500 0.292000 0.013000 0.017333
0 0.276500 0.540000 0.034000 0.045333
0 0.245250 0.638667 0.043500 0.224000
0 0.320750 0.827333 0.025500 0.037333
0 0.312000 0.687000 0.017000 0.016667
0 0.402750 0.405000 0.035500 0.030000
0 0.370750 0.322667 0.018500 0.020000
0 0.421500 0.337667 0.019000 0.028667
0 0.414500 0.237000 0.023000 0.020667
0 0.404250 0.089667 0.025500 0.046000
0 0.406000 0.153667 0.032000 0.030000
0 0.439250 0.176333 0.026500 0.032667
0 0.396250 0.711333 0.056500 0.042667
0 0.424750 0.760667 0.015500 0.020000
0 0.376500 0.833333 0.027000 0.056000
0 0.440500 0.921667 0.052000 0.032667
0 0.446000 0.873333 0.018000 0.048000
0 0.385250 0.933000 0.021500 0.027333
0 0.463000 0.961333 0.018000 0.029333
0 0.425750 0.544667 0.022500 0.024000
0 0.574500 0.136000 0.067000 0.134667
0 0.519250 0.244667 0.053500 0.048000
0 0.490250 0.127667 0.029500 0.027333
0 0.546750 0.352667 0.119500 0.062667
0 0.549000 0.443333 0.038000 0.046667
0 0.599000 0.456333 0.051000 0.126000
0 0.549000 0.525667 0.021000 0.056667
0 0.555750 0.602333 0.106500 0.066000
0 0.598250 0.548667 0.024500 0.030667
0 0.545000 0.702000 0.039000 0.048000
0 0.556250 0.785333 0.056500 0.064000
0 0.609750 0.872333 0.031500 0.124667
0 0.576500 0.973667 0.042000 0.051333
0 0.682000 0.053333 0.054000 0.053333
0 0.738500 0.014667 0.036000 0.025333
0 0.762250 0.055000 0.029500 0.032667
0 0.689500 0.148333 0.063000 0.044667
0 0.687000 0.228333 0.086000 0.076667
0 0.776750 0.122333 0.029500 0.039333
0 0.752500 0.189667 0.023000 0.024667
0 0.667000 0.414000 0.028000 0.132000
0 0.710500 0.325333 0.041000 0.049333
0 0.765500 0.376333 0.041000 0.087333
0 0.718000 0.587667 0.108000 0.180667
0 0.758000 0.485333 0.028000 0.030667
0 0.770750 0.729000 0.040500 0.094000
0 0.743750 0.859333 0.074500 0.089333
0 0.700750 0.728000 0.050500 0.028000
0 0.772250 0.970667 0.046500 0.058667
0 0.876750 0.958000 0.074500 0.084000
0 0.946250 0.970000 0.035500 0.056000
0 0.913500 0.821667 0.114000 0.068667
0 0.976250 0.772333 0.047500 0.019333
0 0.886750 0.663667 0.060500 0.124667
0 0.843750 0.364333 0.045500 0.039333
0 0.857000 0.522000 0.027000 0.042667
0 0.888500 0.475333 0.069000 0.061333
0 0.932250 0.556333 0.077500 0.091333
0 0.950750 0.477000 0.047500 0.064667
0 0.903750 0.385667 0.043500 0.100667
0 0.891000 0.247667 0.028000 0.027333
0 0.953750 0.300667 0.030500 0.041333
0 0.940750 0.209333 0.021500 0.029333
0 0.906500 0.174000 0.039000 0.054667
0 0.868000 0.060333 0.033000 0.100667
0 0.920250 0.068333 0.052500 0.116667
