0 0.131250 0.064667 0.043500 0.054667
0 0.085750 0.154667 0.029500 0.030667
0 0.083500 0.428000 0.016000 0.024000
0 0.139000 0.233667 0.014000 0.035333
0 0.124500 0.266667 0.015000 0.018667
0 0.134750 0.320667 0.018500 0.025333
0 0.065000 0.336667 0.017000 0.018667
0 0.007250 0.095667 0.011500 0.032667
0 0.045000 0.012667 0.021000 0.022667
0 0.092250 0.711667 0.020500 0.039333
0 0.271750 0.025667 0.020500 0.035333
0 0.230750 0.164667 0.097500 0.098667
0 0.255750 0.317667 0.023500 0.027333
0 0.298000 0.206667 0.018000 0.028000
0 0.245750 0.477667 0.027500 0.054000
0 0.195000 0.464667 0.053000 0.073333
0 0.269000 0.257667 0.019000 0.024667
0 0.047000 0.502000 0.016000 0.048000
0 0.201750 0.794667 0.015500 0.037333
0 0.206000 0.884667 0.040000 0.024000
0 0.239500 0.872000 0.009000 0.024000
0 0.166750 0.692667 0.012500 0.017333
0 0.243250 0.706667 0.012500 0.017333
0 0.340000 0.279667 0.092000 0.070000
0 0.365250 0.349667 0.013500 0.022000
0 0.425750 0.351667 0.016500 0.026000
0 0.404250 0.318667 0.008500 0.014667
0 0.430000 0.322667 0.012000 0.018667
0 0.372000 0.437667 0.082000 0.104667
0 0.317500 0.443667 0.014000 0.023333
0 0.298500 0.460000 0.012000 0.020000
0 0.344750 0.589667 0.014500 0.019333
0 0.418750 0.627667 0.050500 0.043333
0 0.323000 0.680667 0.034000 0.037333
0 0.348250 0.550000 0.014500 0.024000
0 0.319500 0.517667 0.009000 0.016667
0 0.317500 0.722667 0.016000 0.021333
0 0.374750 0.732667 0.014500 0.020000
0 0.358000 0.778667 0.015000 0.018667
0 0.390000 0.833667 0.012000 0.023333
0 0.319500 0.846667 0.013000 0.022667
0 0.478000 0.563667 0.077000 0.059333
0 0.463250 0.427667 0.027500 0.035333
0 0.508250 0.284667 0.032500 0.036000
0 0.473250 0.293667 0.015500 0.032667
0 0.539000 0.381000 0.080000 0.074000
0 0.495250 0.441667 0.013500 0.047333
0 0.531000 0.442667 0.026000 0.032000
0 0.572750 0.555000 0.012500 0.022000
0 0.576500 0.681667 0.021000 0.027333
0 0.504000 0.806667 0.014000 0.021333
0 0.510000 0.848000 0.026000 0.028000
0 0.531250 0.911667 0.026500 0.048667
0 0.547500 0.847667 0.014000 0.023333
0 0.495500 0.739667 0.035000 0.038000
0 0.543500 0.750667 0.014000 0.016000
0 0.485000 0.913000 0.024000 0.022000
0 0.584250 0.833667 0.014500 0.048667
0 0.584250 0.930667 0.012500 0.025333
0 0.551250 0.646667 0.012500 0.017333
0 0.472750 0.960667 0.028500 0.018667
0 0.431500 0.969667 0.030000 0.031333
0 0.359750 0.174667 0.105500 0.077333
0 0.427500 0.133667 0.030000 0.046000
0 0.328750 0.072667 0.043500 0.020000
0 0.356250 0.051667 0.033500 0.032667
0 0.439500 0.055667 0.015000 0.032667
0 0.401750 0.021667 0.028500 0.031333
0 0.488000 0.062667 0.042000 0.042667
0 0.536250 0.011000 0.032500 0.020667
0 0.579250 0.061667 0.035500 0.118000
0 0.520750 0.162667 0.016500 0.021333
0 0.554000 0.174667 0.030000 0.032000
0 0.539250 0.322667 0.020500 0.013333
0 0.677500 0.123667 0.022000 0.026000
0 0.703500 0.051667 0.016000 0.023333
0 0.719500 0.111667 0.035000 0.034000
0 0.710750 0.202667 0.014500 0.025333
0 0.645000 0.176667 0.027000 0.030667
0 0.624750 0.027667 0.017500 0.034000
0 0.650250 0.052667 0.014500 0.016000
0 0.661000 0.332667 0.062000 0.112000
0 0.618750 0.353000 0.014500 0.018000
0 0.721000 0.393667 0.016000 0.020667
0 0.653750 0.590667 0.033500 0.124000
0 0.637250 0.706667 0.020500 0.045333
0 0.694750 0.496667 0.009500 0.017333
0 0.779250 0.047667 0.014500 0.019333
0 0.771250 0.113667 0.021500 0.032667
0 0.805000 0.090667 0.030000 0.077333
0 0.839000 0.058667 0.016000 0.041333
0 0.875750 0.022667 0.021500 0.018667
0 0.814500 0.216667 0.015000 0.024000
0 0.830250 0.162667 0.023500 0.018667
0 0.848750 0.188000 0.014500 0.016000
0 0.882000 0.270667 0.038000 0.052000
0 0.843750 0.285667 0.019500 0.023333
0 0.819500 0.369667 0.018000 0.026000
0 0.850750 0.386000 0.018500 0.020000
0 0.853750 0.337667 0.014500 0.022000
0 0.833500 0.330667 0.010000 0.025333
0 0.790500 0.434667 0.018000 0.028000
0 0.795500 0.399667 0.039000 0.028667
0 0.824750 0.468667 0.014500 0.017333
0 0.821500 0.433667 0.020000 0.023333
0 0.842250 0.445667 0.011500 0.015333
0 0.771750 0.540667 0.021500 0.021333
0 0.891750 0.338667 0.020500 0.038667
0 0.879750 0.410667 0.013500 0.025333
0 0.849750 0.632667 0.019500 0.025333
0 0.824750 0.546667 0.014500 0.013333
0 0.877250 0.690667 0.012500 0.017333
0 0.896750 0.662667 0.010500 0.018667
0 0.928000 0.373667 0.021000 0.023333
0 0.952750 0.346667 0.016500 0.018667
0 0.970000 0.425667 0.030000 0.031333
0 0.935500 0.172667 0.035000 0.018667
0 0.658000 0.944667 0.017000 0.021333
0 0.692750 0.773667 0.013500 0.024667
0 0.719500 0.828667 0.038000 0.060000
0 0.737750 0.885667 0.029500 0.032667
0 0.668250 0.909667 0.014500 0.024667
0 0.699250 0.916000 0.010500 0.016000
0 0.777000 0.861667 0.014000 0.023333
0 0.797250 0.881667 0.015500 0.023333
0 0.944500 0.869667 0.027000 0.050000
0 0.940750 0.623000 0.016500 0.018000
0 0.824750 0.983667 0.022500 0.031333
0 0.203500 0.590333 0.064000 0.099333
0 0.848000 0.896000 0.036000 0.032000
0 0.602000 0.144667 0.016000 0.020000
0 0.090750 0.203333 0.026500 0.013333
0 0.144250 0.180333 0.026500 0.030000
0 0.266250 0.959667 0.009500 0.022000
0 0.120000 0.642000 0.015000 0.024000
0 0.828000 0.776333 0.037000 0.072667
0 0.983500 0.897667 0.012000 0.046000
0 0.944000 0.088333 0.013000 0.022000
0 0.832000 0.116333 0.009000 0.015333
0 0.022500 0.366000 0.013000 0.044000
0 0.018750 0.465333 0.015500 0.018667
0 0.015000 0.553000 0.012000 0.028667
0 0.182500 0.331667 0.036000 0.031333
0 0.194000 0.268667 0.020000 0.058667
0 0.232250 0.248333 0.006500 0.007333
0 0.086000 0.097333 0.031000 0.032000
