0 0.017750 0.095333 0.026000 0.048667
0 0.009250 0.448333 0.018000 0.020000
0 0.013000 0.805667 0.020000 0.048667
0 0.020625 0.962833 0.008750 0.009000
0 0.135500 0.111500 0.023000 0.021667
0 0.151500 0.493500 0.024000 0.039667
0 0.168750 0.807667 0.016500 0.014000
0 0.207750 0.955000 0.013500 0.014000
0 0.217375 0.728000 0.019250 0.029333
0 0.225000 0.576833 0.017500 0.014333
0 0.247625 0.499833 0.022250 0.029667
0 0.209125 0.433833 0.014250 0.005000
0 0.243250 0.246000 0.036500 0.050000
0 0.213000 0.144167 0.010500 0.007667
0 0.186125 0.199833 0.008750 0.014333
0 0.315875 0.262000 0.024250 0.038667
0 0.288000 0.539500 0.024000 0.042333
0 0.315875 0.621667 0.014250 0.016667
0 0.297500 0.756833 0.037500 0.041000
0 0.321125 0.844000 0.021250 0.018000
0 0.269250 0.883833 0.029000 0.013000
0 0.355750 0.321000 0.017500 0.036000
0 0.411500 0.522333 0.004000 0.005333
0 0.423000 0.296667 0.011500 0.030667
0 0.356250 0.828000 0.012500 0.016667
0 0.494250 0.587833 0.023000 0.025667
0 0.510000 0.161500 0.026000 0.045000
0 0.516375 0.008833 0.028750 0.014333
0 0.477875 0.802500 0.011750 0.011667
0 0.515000 0.936333 0.012500 0.030667
0 0.566250 0.061500 0.011500 0.021667
0 0.622125 0.095500 0.017250 0.043667
0 0.662500 0.151167 0.011500 0.021667
0 0.637125 0.330000 0.018250 0.018000
0 0.665875 0.367833 0.022250 0.019000
0 0.655250 0.458167 0.035500 0.035667
0 0.641875 0.669167 0.018250 0.021667
0 0.644750 0.758833 0.024000 0.081000
0 0.657125 0.837667 0.004750 0.010000
0 0.740375 0.949167 0.011750 0.013000
0 0.731750 0.771000 0.009500 0.028000
0 0.757750 0.389667 0.011500 0.014000
0 0.739000 0.267833 0.012500 0.006333
0 0.789000 0.285833 0.010500 0.009000
0 0.762000 0.321000 0.020000 0.023333
0 0.801000 0.160667 0.023000 0.015333
0 0.823125 0.199333 0.021250 0.033333
0 0.829250 0.367333 0.026000 0.033333
0 0.819250 0.448667 0.009500 0.014000
0 0.862500 0.588333 0.015500 0.024667
0 0.858125 0.651167 0.027750 0.052333
0 0.794625 0.666000 0.020250 0.033333
0 0.815375 0.307500 0.013250 0.029667
0 0.755750 0.121667 0.021000 0.016667
0 0.767250 0.165333 0.013500 0.019333
0 0.823500 0.047333 0.022000 0.062667
0 0.728375 0.008167 0.014250 0.015667
0 0.721625 0.032000 0.010750 0.014000
0 0.823625 0.246167 0.008750 0.009000
0 0.847625 0.176667 0.010750 0.032000
0 0.829375 0.107000 0.018250 0.020667
0 0.858125 0.052333 0.016250 0.052667
0 0.850500 0.733167 0.014500 0.021667
0 0.840875 0.850500 0.010750 0.017667
0 0.858750 0.967167 0.013500 0.023000
0 0.916750 0.934000 0.024000 0.033333
0 0.921250 0.738333 0.025000 0.029333
0 0.916375 0.651833 0.026750 0.020333
0 0.914000 0.532667 0.028000 0.051333
0 0.914000 0.347833 0.012500 0.023000
0 0.925000 0.246667 0.015500 0.018000
0 0.909125 0.150667 0.041250 0.066667
0 0.934125 0.085167 0.018250 0.035667
0 0.922125 0.014667 0.023250 0.012667
0 0.989375 0.108833 0.021250 0.039667
0 0.992250 0.186833 0.015500 0.016333
0 0.966250 0.256167 0.013500 0.006333
0 0.989000 0.588000 0.022000 0.044000
0 0.990375 0.664000 0.019250 0.060000
0 0.989875 0.738833 0.020250 0.025667
0 0.989000 0.861167 0.022000 0.057000
