0 0.007375 0.194500 0.014250 0.035000
0 0.012000 0.555000 0.022000 0.032000
0 0.134125 0.812000 0.033750 0.051333
0 0.130750 0.754333 0.011500 0.020667
0 0.210125 0.477500 0.029750 0.023000
0 0.221625 0.335167 0.024250 0.013000
0 0.244625 0.247333 0.018250 0.026667
0 0.208625 0.178000 0.023250 0.019333
0 0.236000 0.011333 0.022000 0.016667
0 0.304250 0.021167 0.024000 0.025667
0 0.278875 0.297167 0.028750 0.057667
0 0.312500 0.371667 0.023000 0.019333
0 0.292750 0.510000 0.047000 0.050000
0 0.255375 0.634500 0.018250 0.021667
0 0.308625 0.594167 0.017250 0.023000
0 0.275500 0.633167 0.010500 0.019000
0 0.273625 0.896667 0.018250 0.020667
0 0.286000 0.973000 0.047000 0.047333
0 0.349625 0.576167 0.018250 0.020333
0 0.408625 0.280667 0.023250 0.026667
0 0.353375 0.067833 0.018250 0.019000
0 0.422625 0.046667 0.020250 0.018000
0 0.488875 0.349833 0.029750 0.019000
0 0.478375 0.551000 0.024250 0.016667
0 0.515875 0.680667 0.024250 0.032000
0 0.615000 0.945333 0.024000 0.046000
0 0.657625 0.214667 0.019250 0.036000
0 0.633625 0.076167 0.017250 0.031000
0 0.669250 0.121667 0.017500 0.047333
0 0.639875 0.504333 0.027750 0.061333
0 0.639875 0.425000 0.016250 0.018000
0 0.654875 0.592167 0.007750 0.019000
0 0.725500 0.517833 0.016500 0.027000
0 0.751875 0.144000 0.019250 0.018000
0 0.786500 0.033833 0.023000 0.015667
0 0.758125 0.065833 0.008750 0.010333
0 0.732250 0.701167 0.026000 0.009000
0 0.769250 0.900500 0.040500 0.028333
0 0.776375 0.857000 0.020250 0.012667
0 0.820125 0.873000 0.017250 0.022000
0 0.816375 0.758167 0.023250 0.035667
0 0.853750 0.729333 0.011500 0.029333
0 0.837000 0.591500 0.020000 0.020333
0 0.790750 0.424167 0.012500 0.042333
0 0.805250 0.421000 0.008500 0.015333
0 0.779375 0.349167 0.020250 0.025667
0 0.846125 0.383333 0.026750 0.116667
0 0.844750 0.480000 0.012500 0.020667
0 0.811500 0.482500 0.004000 0.005000
0 0.812500 0.204333 0.015500 0.020667
0 0.822125 0.126833 0.021250 0.055000
0 0.816375 0.067833 0.017250 0.019000
0 0.908125 0.924833 0.020250 0.023000
0 0.886500 0.803167 0.023000 0.059000
0 0.911000 0.696167 0.022000 0.042333
0 0.904375 0.486500 0.016250 0.028333
0 0.913000 0.415833 0.024000 0.025667
0 0.906250 0.298000 0.035500 0.030667
0 0.911125 0.099167 0.016250 0.020333
0 0.921125 0.006833 0.017250 0.005000
0 0.976000 0.021667 0.040500 0.026667
0 0.989875 0.237667 0.020250 0.033333
0 0.985500 0.342833 0.027000 0.031000
0 0.990875 0.420667 0.018250 0.050667
0 0.987000 0.490333 0.026000 0.028667
0 0.983125 0.612000 0.033750 0.092000
0 0.968750 0.821000 0.020000 0.123333
0 0.216375 0.905667 0.030750 0.018000
0 0.165000 0.556333 0.012500 0.016667
0 0.199000 0.708833 0.021000 0.014333
0 0.151000 0.245333 0.027000 0.038667
