0 0.323125 0.619000 0.019250 0.014000
0 0.352875 0.099833 0.019250 0.021667
0 0.546625 0.800500 0.016250 0.015667
0 0.602875 0.617833 0.021250 0.029667
0 0.576500 0.068333 0.014500 0.018000
0 0.657125 0.048500 0.020250 0.024333
0 0.668750 0.440833 0.037500 0.055000
0 0.687125 0.373667 0.006750 0.012667
0 0.616375 0.954333 0.017250 0.038667
0 0.753250 0.936333 0.012500 0.030667
0 0.776875 0.744167 0.021250 0.023000
0 0.800875 0.256167 0.019250 0.027000
0 0.815875 0.106333 0.014250 0.034667
0 0.860125 0.037667 0.006750 0.012667
0 0.912000 0.939000 0.010500 0.015333
0 0.975375 0.888333 0.006750 0.014000
