0 0.024000 0.012000 0.023000 0.018000
0 0.021625 0.071000 0.016250 0.015333
0 0.046625 0.621667 0.010750 0.022000
0 0.269750 0.551667 0.008500 0.015333
0 0.245125 0.021667 0.007750 0.022000
0 0.333125 0.163333 0.006750 0.015333
0 0.507750 0.392833 0.013500 0.017667
1 0.681250 0.229333 0.012500 0.019333
0 0.804750 0.599167 0.009500 0.023000
0 0.839500 0.312667 0.025000 0.026667
0 0.805750 0.205000 0.009500 0.008667
0 0.839000 0.017167 0.026000 0.025667
0 0.890375 0.562667 0.021250 0.098667
0 0.850875 0.701833 0.007750 0.031000
0 0.892750 0.790833 0.008500 0.029667
0 0.894250 0.887667 0.023000 0.038667
0 0.989375 0.926833 0.021250 0.027000
0 0.974500 0.830000 0.014500 0.061333
0 0.964375 0.440333 0.019250 0.100000
0 0.983625 0.374833 0.023250 0.013000
0 0.889000 0.109500 0.014500 0.025667
0 0.897000 0.201167 0.025000 0.006333
