0 0.004875 0.280833 0.009250 0.034333
0 0.056250 0.694833 0.008500 0.021667
0 0.054375 0.640833 0.022250 0.011667
0 0.056250 0.540833 0.024000 0.029667
0 0.132625 0.542667 0.017250 0.033333
0 0.124000 0.506333 0.025000 0.022000
0 0.119750 0.745333 0.016500 0.030667
0 0.147625 0.884500 0.010750 0.011667
0 0.185125 0.942167 0.022250 0.027000
0 0.195625 0.988667 0.022250 0.022667
0 0.226875 0.991500 0.017250 0.013000
0 0.208625 0.728833 0.028750 0.023000
0 0.211500 0.213333 0.021000 0.020667
0 0.212000 0.056167 0.028000 0.027000
0 0.273000 0.023000 0.036500 0.044667
0 0.307125 0.095333 0.018250 0.028000
0 0.289875 0.242167 0.047250 0.039667
0 0.305375 0.319167 0.020250 0.021667
0 0.265875 0.356833 0.029750 0.023000
0 0.215875 0.618333 0.020250 0.018000
0 0.265375 0.619667 0.013250 0.018000
0 0.288000 0.702500 0.041500 0.055000
0 0.239000 0.889500 0.014500 0.027000
0 0.275500 0.874833 0.033500 0.071667
0 0.342250 0.833833 0.023000 0.007667
0 0.342250 0.969167 0.027000 0.011667
0 0.344625 0.304333 0.018250 0.012667
0 0.402375 0.012833 0.020250 0.024333
0 0.431625 0.928000 0.005750 0.016667
0 0.476375 0.908833 0.018250 0.011667
0 0.484625 0.070333 0.017250 0.022000
0 0.473625 0.276833 0.020250 0.021667
0 0.505750 0.420333 0.021000 0.019333
0 0.713500 0.914000 0.025000 0.034667
0 0.636000 0.237667 0.024000 0.054000
0 0.646625 0.319167 0.016250 0.029667
0 0.632250 0.154500 0.010500 0.025667
0 0.725000 0.254333 0.021000 0.015333
0 0.726000 0.428833 0.013500 0.023000
0 0.761000 0.628667 0.039500 0.036000
0 0.765875 0.781333 0.039250 0.072000
0 0.891750 0.853667 0.037500 0.086000
0 0.813875 0.600500 0.008750 0.023000
0 0.814500 0.480667 0.013500 0.014000
0 0.843750 0.448000 0.016500 0.020667
0 0.835125 0.330667 0.016250 0.016667
0 0.781250 0.160667 0.010500 0.064000
0 0.839875 0.101833 0.029750 0.138333
0 0.836000 0.213333 0.014500 0.036000
0 0.902000 0.033167 0.023000 0.052333
0 0.900875 0.143333 0.019250 0.016667
0 0.903875 0.225667 0.017250 0.016667
0 0.903000 0.422167 0.025000 0.041000
0 0.876500 0.510167 0.012500 0.019000
0 0.878375 0.560167 0.014250 0.019000
0 0.898125 0.648500 0.017250 0.024333
0 0.983125 0.934667 0.033750 0.030000
0 0.973500 0.846667 0.022000 0.036000
0 0.971625 0.550500 0.020250 0.074333
0 0.989875 0.470167 0.020250 0.016333
0 0.981750 0.344333 0.036500 0.064667
0 0.980250 0.227333 0.026000 0.036000
0 0.974500 0.173667 0.014500 0.018000
0 0.980375 0.131833 0.031750 0.021667
0 0.981250 0.064667 0.026000 0.030667
0 0.610125 0.676667 0.022250 0.065333
