0 0.133625 0.038333 0.026750 0.052667
0 0.146125 0.556167 0.021250 0.024333
0 0.139500 0.794833 0.025000 0.024333
0 0.234625 0.494000 0.021250 0.033333
0 0.184625 0.437000 0.013250 0.016667
0 0.196125 0.473000 0.021250 0.019333
0 0.207250 0.230000 0.022000 0.023333
0 0.243250 0.385667 0.015500 0.016667
0 0.280750 0.381833 0.032500 0.042333
0 0.288000 0.201833 0.041500 0.043667
0 0.269250 0.120333 0.015500 0.019333
0 0.300500 0.615833 0.016500 0.023000
0 0.223500 0.895500 0.022000 0.023000
0 0.225000 0.955667 0.025000 0.018000
0 0.272125 0.787667 0.057750 0.046000
0 0.292875 0.840333 0.031750 0.018000
0 0.297125 0.888333 0.017250 0.022000
0 0.344125 0.342833 0.019250 0.017667
0 0.401000 0.577333 0.015500 0.018000
0 0.459625 0.785667 0.015250 0.014000
0 0.459625 0.824333 0.013250 0.014000
0 0.639375 0.557500 0.021250 0.029667
0 0.608125 0.181833 0.018250 0.073000
0 0.698125 0.812000 0.017250 0.020667
0 0.711500 0.413333 0.021000 0.036000
0 0.760625 0.271000 0.042250 0.069333
0 0.757750 0.114000 0.036500 0.062667
0 0.740875 0.498000 0.035750 0.030667
0 0.757125 0.828167 0.020250 0.024333
0 0.764875 0.915333 0.027750 0.032000
0 0.813500 0.555667 0.009500 0.015333
0 0.812000 0.110167 0.010500 0.021667
0 0.877000 0.023000 0.025000 0.019333
0 0.875875 0.070333 0.019250 0.014000
0 0.897125 0.158333 0.009750 0.018000
0 0.877375 0.319000 0.014250 0.032000
0 0.888375 0.384500 0.032750 0.037000
0 0.878250 0.544000 0.012500 0.066667
0 0.877875 0.647333 0.009750 0.016667
0 0.914375 0.708833 0.019250 0.032333
0 0.964875 0.039000 0.022250 0.030667
0 0.955250 0.099333 0.008500 0.030667
0 0.963000 0.331333 0.020000 0.018000
0 0.969750 0.363333 0.012500 0.025333
0 0.975500 0.444167 0.016500 0.023000
0 0.989875 0.543167 0.020250 0.034333
0 0.994750 0.404833 0.010500 0.011000
0 0.995625 0.735000 0.008750 0.007333
0 0.994250 0.823333 0.011500 0.007333
0 0.059250 0.193333 0.012500 0.016667
0 0.058250 0.156833 0.010500 0.010333
0 0.066250 0.045500 0.013500 0.025667
0 0.085125 0.788333 0.014250 0.022000
0 0.006875 0.045333 0.013250 0.023333
