0 0.045250 0.065833 0.059500 0.074333
0 0.057250 0.314000 0.014500 0.029333
0 0.010750 0.605000 0.021000 0.052667
0 0.029500 0.440333 0.058500 0.133333
0 0.031250 0.748667 0.055000 0.096000
0 0.028750 0.833167 0.025000 0.037000
0 0.043750 0.966667 0.024000 0.034667
0 0.121625 0.024833 0.025750 0.043667
0 0.119250 0.112000 0.027000 0.061333
0 0.118750 0.364667 0.026000 0.115333
0 0.114500 0.666667 0.025000 0.101333
0 0.108125 0.875500 0.020250 0.047667
0 0.182750 0.871000 0.034500 0.023333
0 0.163500 0.642167 0.021000 0.019000
0 0.178875 0.445333 0.044250 0.036000
0 0.185500 0.116500 0.038500 0.075667
0 0.235125 0.847333 0.020250 0.026667
0 0.273000 0.784500 0.023000 0.024333
0 0.254250 0.087000 0.024000 0.055333
0 0.323500 0.049333 0.012500 0.064000
0 0.110125 0.532000 0.035750 0.068000
0 0.171250 0.505000 0.011500 0.016667
0 0.171625 0.554333 0.020250 0.010000
0 0.261125 0.910833 0.018250 0.023000
0 0.216375 0.930000 0.015250 0.018000
0 0.390000 0.933833 0.026000 0.053667
0 0.395750 0.292833 0.010500 0.023000
0 0.467750 0.115833 0.014500 0.025667
0 0.458250 0.579500 0.014500 0.024333
0 0.459625 0.471667 0.011750 0.019333
0 0.430875 0.124167 0.019250 0.037000
0 0.456750 0.745333 0.021000 0.028000
0 0.537000 0.951167 0.026000 0.039667
0 0.545625 0.857667 0.029750 0.065333
0 0.550500 0.760667 0.041500 0.033333
0 0.539000 0.586333 0.014500 0.046000
0 0.550000 0.188333 0.042500 0.037333
0 0.691875 0.887667 0.022250 0.038667
0 0.838500 0.380667 0.023000 0.034667
0 0.933625 0.925667 0.019250 0.050000
0 0.913000 0.601167 0.014500 0.024333
0 0.322125 0.604333 0.013250 0.015333
0 0.323000 0.311333 0.023000 0.134667
0 0.219750 0.767833 0.010500 0.009000
0 0.134250 0.795333 0.012500 0.051333
0 0.928250 0.840833 0.012500 0.027000
0 0.834125 0.052333 0.014250 0.016667
0 0.545250 0.017833 0.015500 0.024333
