0 0.042375 0.554333 0.057750 0.094667
0 0.033125 0.679500 0.043250 0.091000
0 0.055375 0.378000 0.031750 0.034667
0 0.028000 0.841667 0.050000 0.133333
0 0.025500 0.958833 0.045000 0.045000
0 0.057250 0.278667 0.022000 0.028000
0 0.051000 0.232500 0.009500 0.025667
0 0.099625 0.515333 0.018250 0.019333
1 0.059125 0.445500 0.024250 0.041000
0 0.144750 0.048000 0.014500 0.020667
0 0.140375 0.176167 0.019250 0.064333
0 0.137500 0.651167 0.025000 0.088333
0 0.116875 0.735833 0.016250 0.029667
0 0.150500 0.480667 0.020000 0.019333
0 0.138250 0.970167 0.020500 0.059667
0 0.186000 0.725500 0.047000 0.078333
0 0.190875 0.447333 0.029750 0.029333
0 0.198500 0.206167 0.035500 0.057667
0 0.195625 0.070333 0.033750 0.055333
0 0.178375 0.616500 0.027750 0.029667
0 0.174000 0.844667 0.013500 0.014000
0 0.182750 0.908833 0.063500 0.029667
0 0.258625 0.139000 0.026750 0.036000
0 0.247625 0.235833 0.014250 0.037000
0 0.332750 0.105000 0.011500 0.042000
0 0.317250 0.416000 0.023000 0.048667
0 0.330750 0.298000 0.025000 0.020667
0 0.406750 0.398667 0.013500 0.052667
0 0.406250 0.069167 0.030000 0.029667
0 0.498125 0.008833 0.019250 0.014333
0 0.493750 0.121167 0.020000 0.025667
0 0.473000 0.281333 0.013500 0.015333
0 0.444625 0.307000 0.020250 0.018000
0 0.441875 0.447333 0.022250 0.011333
0 0.455375 0.598500 0.018250 0.024333
0 0.495750 0.496667 0.024000 0.025333
0 0.447125 0.642833 0.019250 0.031000
0 0.514000 0.323000 0.028000 0.029333
0 0.542750 0.253167 0.053000 0.061667
0 0.552375 0.139500 0.031750 0.057667
0 0.512000 0.189667 0.008500 0.011333
0 0.541875 0.518500 0.022250 0.028333
0 0.519750 0.635167 0.008500 0.010333
0 0.561625 0.643500 0.005750 0.011667
0 0.392250 0.923667 0.013500 0.030667
0 0.315375 0.925500 0.021250 0.003667
0 0.598000 0.144833 0.027000 0.024333
0 0.609625 0.291500 0.017250 0.010333
0 0.812000 0.820333 0.028000 0.034667
0 0.822125 0.350500 0.015250 0.028333
0 0.799000 0.228667 0.015500 0.028000
0 0.818250 0.126833 0.009500 0.014333
0 0.852875 0.712833 0.005750 0.009000
0 0.794750 0.689667 0.016500 0.019333
0 0.954750 0.351167 0.013500 0.019000
0 0.888875 0.185000 0.016250 0.018000
0 0.992750 0.588833 0.010500 0.025667
0 0.327000 0.375000 0.011500 0.018000
0 0.264500 0.543500 0.025000 0.027000
0 0.187500 0.257000 0.025000 0.033333
0 0.881250 0.074833 0.028000 0.038333
0 0.943750 0.633833 0.012500 0.015667
0 0.124625 0.315167 0.018250 0.027000
0 0.044750 0.145333 0.033500 0.033333
1 0.019875 0.282500 0.039250 0.153667
1 0.017375 0.432500 0.028750 0.079667
1 0.023625 0.060167 0.046750 0.106333
