0 0.005375 0.030333 0.010250 0.022667
0 0.050875 0.394000 0.017250 0.018000
0 0.047625 0.433833 0.020250 0.013000
0 0.124500 0.265833 0.028000 0.059000
0 0.153875 0.023000 0.021250 0.016667
0 0.137000 0.801667 0.010500 0.018000
0 0.225500 0.743333 0.012500 0.034667
0 0.188500 0.723000 0.013500 0.011333
0 0.176500 0.680667 0.014500 0.029333
0 0.199500 0.465833 0.030000 0.028333
0 0.208250 0.365833 0.014500 0.023000
0 0.231750 0.628000 0.013500 0.014000
0 0.293250 0.860667 0.013500 0.015333
0 0.269625 0.618333 0.029750 0.066667
0 0.276500 0.441000 0.049000 0.052667
0 0.260125 0.360167 0.014250 0.019000
0 0.255750 0.104500 0.029000 0.025667
0 0.302500 0.063333 0.024000 0.023333
0 0.276875 0.006333 0.019250 0.011333
0 0.345750 0.049833 0.026000 0.011667
0 0.336625 0.574833 0.030750 0.020333
0 0.331750 0.705000 0.021000 0.019333
0 0.395125 0.822333 0.019250 0.023333
0 0.466375 0.647333 0.015250 0.022000
0 0.498625 0.161500 0.018250 0.021667
0 0.463000 0.025667 0.016500 0.016667
0 0.596625 0.394000 0.024250 0.030667
0 0.601375 0.440167 0.018250 0.007667
0 0.636000 0.065833 0.010500 0.013000
0 0.628375 0.006167 0.008750 0.011667
0 0.631750 0.801833 0.013500 0.028333
0 0.701500 0.648000 0.014500 0.030667
0 0.750500 0.742833 0.020000 0.031000
0 0.758750 0.511500 0.038500 0.060333
0 0.754250 0.367833 0.035500 0.024333
0 0.717375 0.173000 0.005750 0.011333
0 0.713000 0.006167 0.016500 0.009000
0 0.803750 0.348667 0.013500 0.029333
0 0.799125 0.226833 0.005750 0.014333
0 0.840375 0.199167 0.013250 0.013000
0 0.825000 0.078833 0.013500 0.010333
0 0.811125 0.789000 0.018250 0.030667
0 0.877000 0.564000 0.025000 0.014000
0 0.885125 0.621667 0.039250 0.037333
0 0.874500 0.777500 0.010500 0.059000
0 0.878375 0.883833 0.016250 0.015667
0 0.916750 0.948000 0.026000 0.036000
0 0.974500 0.678667 0.012500 0.051333
0 0.988000 0.790333 0.022000 0.036000
0 0.996125 0.969833 0.007750 0.007667
0 0.888000 0.394833 0.026000 0.027000
0 0.869625 0.257000 0.018250 0.020667
0 0.876000 0.307000 0.021000 0.018000
0 0.896625 0.167333 0.016250 0.033333
0 0.958250 0.333333 0.012500 0.032000
0 0.964875 0.594667 0.022250 0.050000
0 0.955250 0.276167 0.014500 0.031000
0 0.977875 0.100500 0.032750 0.071667
0 0.988000 0.209167 0.024000 0.015000
