0 0.025375 0.089000 0.031750 0.020667
0 0.076375 0.042833 0.031750 0.020333
0 0.071125 0.096167 0.019250 0.024333
0 0.031250 0.273000 0.008500 0.016667
0 0.019250 0.523667 0.011500 0.012667
0 0.218250 0.324167 0.013500 0.011667
0 0.256250 0.473667 0.014500 0.020667
0 0.230750 0.540167 0.009500 0.005000
0 0.308750 0.469000 0.013500 0.014000
0 0.324625 0.260167 0.006750 0.006333
0 0.289875 0.100500 0.020250 0.013000
0 0.313875 0.045333 0.008750 0.015333
0 0.357250 0.131167 0.022000 0.025667
0 0.456250 0.253667 0.026000 0.022000
0 0.506250 0.275500 0.014500 0.014333
0 0.523125 0.094667 0.017250 0.014000
0 0.492250 0.903667 0.023000 0.011333
0 0.561000 0.458167 0.012500 0.023000
0 0.625875 0.496000 0.005750 0.026667
0 0.639375 0.359500 0.009750 0.005000
0 0.487500 0.047333 0.011500 0.006667
0 0.830250 0.824833 0.016500 0.020333
0 0.843250 0.790167 0.015500 0.007667
0 0.787875 0.698667 0.006750 0.001333
0 0.763375 0.249333 0.019250 0.066667
0 0.756250 0.070333 0.028000 0.065333
0 0.821125 0.507500 0.028750 0.029667
0 0.889375 0.300500 0.019250 0.079667
0 0.879250 0.153833 0.039500 0.106333
0 0.890375 0.081333 0.017250 0.038667
0 0.824500 0.216667 0.014500 0.016667
0 0.832625 0.101667 0.017250 0.048667
0 0.872625 0.613333 0.014250 0.008000
0 0.880750 0.705000 0.023000 0.042000
0 0.952875 0.900500 0.026750 0.035667
0 0.979250 0.072333 0.014500 0.018000
0 0.983625 0.186333 0.017250 0.054000
0 0.976000 0.295333 0.025000 0.038667
0 0.991375 0.753500 0.017250 0.023667
0 0.949125 0.530667 0.030750 0.014000
0 0.782250 0.353167 0.010500 0.007667
0 0.738500 0.296000 0.009500 0.026667
