0 0.071125 0.124333 0.017250 0.032000
0 0.154750 0.052333 0.015500 0.032000
0 0.288500 0.297333 0.009500 0.022000
0 0.315875 0.280667 0.025750 0.022000
0 0.316375 0.492167 0.015250 0.027000
0 0.251500 0.456333 0.014500 0.022000
0 0.276875 0.171667 0.015250 0.019333
0 0.498500 0.848667 0.026000 0.019333
0 0.763375 0.974333 0.017250 0.032000
0 0.773625 0.157500 0.020250 0.024333
0 0.817250 0.262000 0.025000 0.012667
0 0.953375 0.323667 0.010750 0.015333
0 0.905375 0.987667 0.006750 0.010000
0 0.058125 0.064000 0.004750 0.014000
