0 0.008250 0.415167 0.012500 0.024333
0 0.120125 0.940833 0.019250 0.021667
0 0.153875 0.524167 0.019250 0.024333
0 0.163000 0.289667 0.020000 0.037333
0 0.205750 0.174333 0.021000 0.019333
0 0.216375 0.208833 0.019250 0.019000
0 0.247000 0.225500 0.025000 0.029667
0 0.260625 0.123000 0.007750 0.016667
0 0.288375 0.131167 0.017250 0.023000
0 0.300500 0.085833 0.024000 0.027000
0 0.314875 0.346000 0.020250 0.022000
0 0.278375 0.519000 0.025750 0.032000
0 0.314375 0.518333 0.017250 0.020667
0 0.306250 0.567167 0.014500 0.028333
0 0.314375 0.621667 0.015250 0.022000
0 0.240875 0.624333 0.016250 0.019333
0 0.244625 0.681333 0.029750 0.020667
0 0.237000 0.739000 0.020000 0.028000
0 0.208125 0.855000 0.018250 0.019333
0 0.167375 0.958167 0.021250 0.020333
0 0.214000 0.983833 0.039500 0.028333
0 0.267375 0.989667 0.021250 0.014000
0 0.299500 0.876167 0.033500 0.041000
0 0.297125 0.951000 0.023250 0.016667
0 0.309125 0.801833 0.014250 0.025667
0 0.358625 0.203000 0.023250 0.015333
0 0.352875 0.078167 0.015250 0.009000
0 0.410625 0.315833 0.015250 0.020333
0 0.475500 0.548500 0.016500 0.024333
0 0.475500 0.513333 0.014500 0.018000
0 0.490875 0.151167 0.025750 0.024333
0 0.653375 0.304333 0.014250 0.018000
0 0.724500 0.154333 0.012500 0.015333
0 0.766375 0.240333 0.023250 0.020667
0 0.771250 0.560833 0.025000 0.028333
0 0.780250 0.637167 0.026000 0.039667
0 0.773500 0.032500 0.053000 0.053667
0 0.830250 0.295500 0.024000 0.023000
0 0.785125 0.987167 0.016250 0.006333
0 0.628875 0.981833 0.017250 0.021667
0 0.889875 0.065333 0.018250 0.032000
0 0.895750 0.120333 0.049000 0.034667
0 0.891875 0.285833 0.022250 0.073000
0 0.926500 0.441500 0.026000 0.031000
0 0.897500 0.790833 0.024000 0.011667
0 0.953875 0.844833 0.003750 0.039667
0 0.986500 0.174833 0.025000 0.020333
0 0.989875 0.278833 0.016250 0.010333
0 0.987000 0.098667 0.020000 0.016667
0 0.977875 0.072167 0.017250 0.007667
0 0.095625 0.516500 0.016250 0.006333
0 0.170625 0.116500 0.008750 0.014333
0 0.132625 0.330000 0.005750 0.018000
0 0.203375 0.389000 0.016250 0.015333
0 0.139375 0.244667 0.009750 0.019333
0 0.209125 0.114000 0.018250 0.034667
0 0.199500 0.887000 0.014500 0.011333
0 0.216250 0.914000 0.025000 0.019333
0 0.014875 0.867167 0.004750 0.007667
0 0.082750 0.844167 0.013500 0.023000
0 0.096250 0.387000 0.013500 0.014000
