0 0.026500 0.248500 0.024000 0.027000
0 0.040375 0.869667 0.017250 0.018000
0 0.029750 0.008833 0.023000 0.014333
0 0.223000 0.056333 0.025000 0.022000
0 0.258625 0.201167 0.021250 0.032333
0 0.236000 0.273667 0.010500 0.012667
0 0.311500 0.203667 0.021000 0.022000
0 0.308125 0.076833 0.022250 0.019000
0 0.258250 0.800500 0.012500 0.013000
0 0.501000 0.635667 0.013500 0.019333
0 0.508125 0.014500 0.020250 0.023000
0 0.570750 0.195333 0.026000 0.020667
0 0.641375 0.096167 0.021250 0.024333
0 0.630375 0.227500 0.018250 0.023000
0 0.796625 0.846667 0.004750 0.008000
0 0.760250 0.019667 0.041500 0.025333
0 0.843250 0.926833 0.007500 0.014333
0 0.829375 0.551000 0.004750 0.016667
0 0.823125 0.253833 0.017250 0.027000
0 0.842250 0.187000 0.015500 0.022000
0 0.895625 0.017167 0.018250 0.017667
0 0.882125 0.055000 0.029750 0.026667
0 0.869750 0.110833 0.016500 0.020333
0 0.879875 0.345333 0.019250 0.018000
0 0.882125 0.447333 0.006750 0.004000
0 0.860125 0.469167 0.010750 0.006333
0 0.802875 0.444167 0.007750 0.025667
0 0.884125 0.800500 0.025750 0.089667
0 0.882250 0.630667 0.014500 0.032000
0 0.962000 0.617167 0.022000 0.015667
0 0.958750 0.711333 0.011500 0.029333
0 0.989375 0.484000 0.021250 0.062000
0 0.975000 0.028667 0.027000 0.038667
0 0.779750 0.093333 0.011500 0.016667
0 0.950000 0.266500 0.009500 0.003667
