0 0.011500 0.153833 0.021000 0.024333
0 0.014000 0.617833 0.014500 0.034333
0 0.059250 0.992500 0.020500 0.015000
0 0.061125 0.941000 0.020250 0.016667
0 0.088000 0.582000 0.020000 0.019333
0 0.102375 0.254333 0.018250 0.010000
0 0.159625 0.265833 0.021250 0.025667
0 0.166375 0.030667 0.021250 0.019333
0 0.125000 0.680000 0.021000 0.023333
0 0.130750 0.745333 0.017500 0.020667
0 0.171125 0.690333 0.017250 0.012667
0 0.127875 0.915333 0.019250 0.014000
0 0.121625 0.983167 0.018250 0.014333
0 0.138875 0.848667 0.018250 0.014000
0 0.218250 0.949833 0.027000 0.021667
0 0.222625 0.741500 0.056750 0.061667
0 0.211125 0.585667 0.029750 0.032000
0 0.240375 0.476167 0.023250 0.043667
0 0.241375 0.364000 0.019250 0.016667
0 0.248000 0.419667 0.013500 0.020667
0 0.316375 0.076167 0.017250 0.020333
0 0.295250 0.282667 0.050000 0.069333
0 0.314875 0.357000 0.020250 0.018000
0 0.315875 0.537167 0.008750 0.024333
0 0.303875 0.616500 0.026750 0.047667
0 0.302875 0.688333 0.023250 0.019333
0 0.286000 0.762667 0.053000 0.055333
0 0.299500 0.831333 0.028000 0.038667
0 0.477000 0.253000 0.023000 0.015333
0 0.484625 0.295333 0.023250 0.028000
0 0.652375 0.039667 0.014250 0.011333
0 0.633125 0.721000 0.016250 0.023333
0 0.638000 0.832500 0.026000 0.043667
0 0.653000 0.967667 0.025000 0.050000
0 0.771125 0.301167 0.026750 0.029667
0 0.778875 0.382000 0.019250 0.032000
0 0.786000 0.724167 0.012500 0.027000
0 0.940375 0.755667 0.017250 0.030667
0 0.898125 0.526167 0.019250 0.025667
0 0.932250 0.181333 0.014500 0.036000
0 0.962500 0.578000 0.023000 0.019333
0 0.896125 0.046667 0.019250 0.020667
0 0.833625 0.035667 0.021250 0.019333
0 0.887375 0.001667 0.005750 0.002667
