0 0.024125 0.156167 0.030750 0.042333
0 0.013625 0.528167 0.026750 0.024333
0 0.014375 0.628167 0.021250 0.045000
0 0.020125 0.883833 0.030750 0.046333
0 0.063875 0.639500 0.020250 0.024333
0 0.140875 0.903000 0.029750 0.020667
0 0.142750 0.613333 0.028000 0.023333
0 0.191875 0.560167 0.027750 0.021667
0 0.164000 0.447167 0.022000 0.024333
0 0.173000 0.379333 0.013500 0.014000
0 0.158750 0.322333 0.013500 0.028000
0 0.179250 0.266667 0.037500 0.050000
0 0.161000 0.183833 0.026000 0.031000
0 0.215875 0.931333 0.018250 0.018000
0 0.261500 0.738333 0.027000 0.024667
0 0.246250 0.615333 0.013500 0.019333
0 0.274000 0.646167 0.029000 0.024333
0 0.241375 0.549833 0.028750 0.024333
0 0.220750 0.355667 0.012500 0.036000
0 0.247625 0.332500 0.020250 0.023000
0 0.233125 0.037667 0.020250 0.020667
0 0.309625 0.187667 0.044250 0.030667
0 0.301500 0.137167 0.010500 0.009000
0 0.325500 0.533833 0.010500 0.015667
0 0.322625 0.620500 0.010750 0.027000
0 0.500000 0.346667 0.023000 0.030667
0 0.499500 0.208833 0.016500 0.021667
0 0.519750 0.781833 0.024000 0.021667
0 0.514875 0.958167 0.027750 0.038333
0 0.525500 0.035000 0.008500 0.015333
0 0.558125 0.124833 0.016250 0.020333
0 0.568250 0.850500 0.015500 0.015667
0 0.622125 0.878000 0.017250 0.052667
0 0.625875 0.695500 0.017250 0.023000
0 0.666750 0.924833 0.024000 0.028333
0 0.633750 0.170333 0.011500 0.016667
0 0.665875 0.510667 0.020250 0.036000
0 0.730250 0.773000 0.028000 0.019333
0 0.771750 0.578833 0.012500 0.023000
0 0.741750 0.613333 0.014500 0.018000
0 0.771125 0.334500 0.021250 0.014333
0 0.781750 0.753000 0.034500 0.046000
0 0.748625 0.494833 0.016250 0.011667
0 0.789875 0.422333 0.014250 0.018000
0 0.782250 0.385167 0.024000 0.025667
0 0.800000 0.307000 0.015500 0.018000
0 0.766250 0.194000 0.011500 0.018000
0 0.792750 0.101833 0.022000 0.025667
0 0.830375 0.153667 0.020250 0.034667
0 0.830875 0.261333 0.019250 0.029333
0 0.835125 0.404333 0.020250 0.038667
0 0.829250 0.497333 0.010500 0.037333
0 0.851875 0.475500 0.009750 0.019000
0 0.861125 0.428167 0.018250 0.021667
0 0.856250 0.310167 0.010500 0.014333
0 0.853875 0.380000 0.003750 0.008000
0 0.858250 0.535833 0.026000 0.027000
0 0.828750 0.610833 0.025000 0.092333
0 0.856250 0.584333 0.020000 0.016667
0 0.861000 0.757000 0.024000 0.030667
0 0.827875 0.846000 0.021250 0.093333
0 0.862500 0.833167 0.017500 0.052333
0 0.762000 0.908167 0.022000 0.059000
0 0.802875 0.944167 0.030750 0.020333
0 0.822125 0.980667 0.013250 0.026667
0 0.850500 0.949833 0.012500 0.021667
0 0.919750 0.948000 0.024000 0.033333
0 0.922125 0.892167 0.017250 0.019000
0 0.940750 0.854333 0.012500 0.020667
0 0.889000 0.646667 0.014500 0.025333
0 0.934250 0.782500 0.012500 0.010333
0 0.890375 0.443500 0.017250 0.014333
0 0.890875 0.313333 0.006750 0.025333
0 0.887000 0.176833 0.010500 0.011667
0 0.916375 0.140333 0.026750 0.036000
0 0.918750 0.039000 0.024000 0.010000
0 0.913250 0.010000 0.027500 0.019333
0 0.982750 0.122833 0.009500 0.024333
0 0.995625 0.168000 0.008750 0.014667
0 0.989875 0.294000 0.014250 0.033333
0 0.991375 0.424833 0.015250 0.013000
0 0.984625 0.484500 0.015250 0.039667
0 0.996625 0.873000 0.006750 0.019333
0 0.993750 0.929500 0.012500 0.009000
