0 0.059125 0.105667 0.029750 0.036000
0 0.022625 0.146667 0.020250 0.020667
0 0.022125 0.185000 0.013250 0.018000
0 0.065875 0.272333 0.014250 0.038667
0 0.018375 0.329333 0.030750 0.022000
0 0.020625 0.508167 0.016250 0.020333
0 0.015375 0.758833 0.009750 0.006333
0 0.008250 0.828167 0.014500 0.024333
0 0.211000 0.556333 0.022000 0.022000
0 0.250000 0.709000 0.019000 0.016667
0 0.226000 0.767833 0.015500 0.014333
0 0.258625 0.194667 0.032750 0.037333
0 0.062500 0.167833 0.017500 0.019000
0 0.254375 0.127500 0.020250 0.028333
0 0.217750 0.133833 0.012500 0.010333
0 0.315875 0.064000 0.045250 0.088667
0 0.305750 0.241500 0.021000 0.074333
0 0.280250 0.328667 0.014500 0.020667
0 0.291375 0.366000 0.015250 0.015333
0 0.294750 0.417667 0.012500 0.016667
0 0.325500 0.494000 0.014500 0.018000
0 0.298500 0.571167 0.012500 0.007667
0 0.303375 0.705667 0.016250 0.015333
0 0.354250 0.367167 0.012500 0.017667
0 0.358250 0.269667 0.010500 0.018000
0 0.354875 0.185667 0.017250 0.019333
0 0.361500 0.060667 0.023000 0.036000
0 0.454375 0.486333 0.016250 0.012667
0 0.515875 0.330667 0.016250 0.014000
0 0.501500 0.065833 0.049000 0.053667
0 0.497625 0.510167 0.018250 0.029667
0 0.555250 0.691000 0.012500 0.019333
0 0.620250 0.723500 0.015500 0.007667
0 0.633625 0.585833 0.017250 0.027000
0 0.569250 0.417833 0.011500 0.014333
0 0.671625 0.975500 0.018250 0.029667
0 0.791250 0.934500 0.011500 0.014333
0 0.816375 0.744833 0.023250 0.042333
0 0.759125 0.471000 0.020250 0.048667
0 0.753750 0.309500 0.011500 0.079667
0 0.751500 0.188333 0.022000 0.042000
0 0.874000 0.860667 0.038500 0.051333
0 0.874500 0.942167 0.014500 0.027000
0 0.881250 0.495333 0.024000 0.030667
0 0.874000 0.544000 0.027000 0.030667
0 0.861125 0.363333 0.016250 0.056667
0 0.823125 0.441667 0.009750 0.018000
0 0.821125 0.330500 0.009750 0.042333
0 0.615375 0.037667 0.021250 0.030667
0 0.887125 0.330000 0.018250 0.030667
0 0.887000 0.410167 0.010500 0.019000
0 0.857125 0.259500 0.020250 0.038333
0 0.818750 0.135667 0.022000 0.032000
0 0.898500 0.117167 0.024000 0.020333
0 0.973500 0.410167 0.022000 0.029667
0 0.968250 0.510833 0.015500 0.043667
0 0.983125 0.970500 0.018250 0.024333
0 0.967250 0.293500 0.011500 0.009000
0 0.988000 0.342167 0.024000 0.014333
0 0.758250 0.009500 0.010500 0.013000
