0 0.440500 0.096000 0.025000 0.029333
0 0.355250 0.346667 0.028000 0.051333
0 0.339875 0.517833 0.018250 0.029667
0 0.666250 0.873667 0.013500 0.033333
0 0.676500 0.794000 0.012500 0.018000
0 0.565750 0.489000 0.012500 0.028000
0 0.644250 0.463333 0.015500 0.023333
0 0.746125 0.019167 0.023250 0.027000
0 0.741250 0.103667 0.013500 0.011333
0 0.793750 0.684500 0.022000 0.029667
0 0.806250 0.519167 0.014500 0.021667
0 0.852000 0.464000 0.013500 0.022000
0 0.820250 0.123667 0.015500 0.020667
0 0.943250 0.089667 0.013500 0.014000
0 0.554375 0.301333 0.008750 0.017333
0 0.997000 0.914500 0.006000 0.020333
0 0.642625 0.844500 0.010250 0.019667
