0 0.016750 0.194667 0.024000 0.037333
0 0.027875 0.146000 0.021250 0.016667
0 0.026375 0.051667 0.018250 0.018000
0 0.020250 0.664667 0.027000 0.051333
0 0.156750 0.969000 0.027000 0.052667
0 0.168250 0.887667 0.025000 0.036000
0 0.175000 0.796667 0.048000 0.082000
0 0.162000 0.688833 0.020000 0.025667
0 0.173000 0.491500 0.013500 0.031000
0 0.155750 0.111333 0.021000 0.016667
0 0.241875 0.557000 0.020250 0.015333
0 0.220625 0.869667 0.018250 0.033333
0 0.250000 0.850500 0.019000 0.023000
0 0.310625 0.679333 0.042250 0.070667
0 0.284625 0.193500 0.005750 0.014333
0 0.328375 0.083833 0.020250 0.020333
0 0.371625 0.073500 0.020250 0.025667
0 0.446125 0.333167 0.005750 0.019000
0 0.432250 0.233833 0.026000 0.020333
0 0.510125 0.058833 0.018250 0.024333
0 0.531250 0.194833 0.024000 0.039667
0 0.507625 0.282667 0.019250 0.018000
0 0.506625 0.420333 0.019250 0.034667
0 0.522125 0.526833 0.026750 0.060333
0 0.498500 0.732000 0.026000 0.037333
0 0.501500 0.857667 0.022000 0.019333
0 0.533125 0.725000 0.006750 0.015333
0 0.554750 0.617833 0.015500 0.011667
0 0.594250 0.324833 0.011500 0.020333
0 0.626875 0.687667 0.009750 0.020667
0 0.726000 0.260167 0.011500 0.037000
0 0.782750 0.903000 0.023000 0.046000
0 0.764875 0.840833 0.016250 0.021667
0 0.796750 0.808833 0.012500 0.027000
0 0.760625 0.699833 0.009750 0.021667
0 0.709500 0.442833 0.025000 0.082333
0 0.801875 0.082000 0.055750 0.034667
0 0.777875 0.125500 0.021250 0.019000
0 0.761500 0.169833 0.013500 0.056333
0 0.790375 0.159500 0.021250 0.013000
0 0.757250 0.244667 0.016500 0.016667
0 0.780750 0.292833 0.023000 0.017667
0 0.806750 0.217167 0.009500 0.017667
0 0.826875 0.286333 0.017250 0.033333
0 0.777000 0.419667 0.011500 0.012667
0 0.783750 0.361333 0.011500 0.019333
0 0.793750 0.599833 0.012500 0.009000
0 0.832750 0.921667 0.025000 0.070667
0 0.851500 0.887167 0.010500 0.024333
0 0.861500 0.940167 0.013500 0.023000
0 0.851500 0.977333 0.014500 0.018000
0 0.825625 0.992500 0.007250 0.015000
0 0.852875 0.822333 0.013250 0.036000
0 0.823500 0.753833 0.012500 0.009000
0 0.831750 0.656167 0.023000 0.042333
0 0.826875 0.399333 0.017250 0.015333
0 0.842250 0.129333 0.013500 0.026667
0 0.872125 0.105667 0.013250 0.018000
0 0.850500 0.497333 0.024000 0.016667
0 0.886500 0.960000 0.013500 0.016667
0 0.888875 0.821000 0.020250 0.015333
0 0.886500 0.685000 0.025000 0.015333
0 0.913500 0.645500 0.021000 0.041000
0 0.903375 0.507000 0.045250 0.084667
0 0.908250 0.329333 0.035500 0.047333
0 0.897125 0.032000 0.015250 0.029333
0 0.988000 0.015833 0.024000 0.031000
0 0.965875 0.047333 0.010750 0.019333
0 0.974500 0.110167 0.039500 0.037000
0 0.968750 0.296167 0.024000 0.042333
0 0.988500 0.478667 0.002000 0.030667
0 0.975000 0.618333 0.019000 0.018000
0 0.989000 0.684500 0.014500 0.024333
0 0.994250 0.781667 0.011500 0.006000
0 0.988500 0.919833 0.023000 0.021000
0 0.981250 0.982500 0.010500 0.023000
0 0.701000 0.117833 0.013500 0.019000
