1 0.025500 0.145333 0.039500 0.266667
1 0.022625 0.337000 0.035750 0.068000
1 0.072500 0.111333 0.026000 0.047333
0 0.023625 0.763333 0.029750 0.464000
0 0.143250 0.143500 0.009500 0.019000
0 0.124000 0.655000 0.025000 0.042000
0 0.118750 0.796000 0.024000 0.150000
0 0.108125 0.905667 0.016250 0.018000
0 0.228250 0.887000 0.012500 0.022000
0 0.238500 0.758167 0.011500 0.013000
0 0.324125 0.204500 0.017250 0.025667
0 0.326000 0.539667 0.004000 0.014000
0 0.404375 0.717833 0.018250 0.011667
0 0.400500 0.181833 0.010500 0.027000
0 0.443250 0.229333 0.029000 0.016667
0 0.404875 0.453167 0.021250 0.007667
0 0.467750 0.980000 0.022000 0.012667
0 0.484125 0.741500 0.041250 0.035667
1 0.508625 0.147833 0.019250 0.023000
1 0.180750 0.114000 0.025000 0.044667
1 0.170625 0.857667 0.018250 0.019333
1 0.410125 0.116500 0.020250 0.011667
0 0.539000 0.800500 0.014500 0.025667
0 0.546250 0.739667 0.025000 0.037333
0 0.479875 0.441000 0.019250 0.019333
0 0.571125 0.848500 0.019250 0.024333
0 0.538000 0.478667 0.014500 0.018000
0 0.574500 0.700500 0.020000 0.015667
0 0.509125 0.883833 0.010750 0.025667
1 0.536125 0.910167 0.008750 0.019000
0 0.726000 0.730667 0.023000 0.026667
0 0.716250 0.258833 0.036500 0.039667
0 0.852375 0.092833 0.020250 0.028333
0 0.701375 0.412667 0.020250 0.098667
0 0.840000 0.379333 0.026000 0.032000
0 0.837000 0.576167 0.020000 0.035667
0 0.886000 0.652333 0.010500 0.019333
0 0.268750 0.038333 0.043500 0.034667
