0 0.163375 0.010000 0.021250 0.019333
0 0.086125 0.326833 0.016250 0.027000
0 0.120125 0.417167 0.019250 0.020333
0 0.130375 0.485667 0.020250 0.016667
0 0.167750 0.435833 0.024000 0.029667
0 0.139375 0.587833 0.017250 0.007667
0 0.127875 0.662000 0.017250 0.018000
0 0.117875 0.724333 0.020250 0.016667
0 0.214875 0.694000 0.022250 0.018000
0 0.223625 0.809500 0.016250 0.017667
0 0.213000 0.474833 0.039500 0.046333
0 0.244250 0.509500 0.021000 0.020333
0 0.208750 0.341500 0.025000 0.035667
0 0.236625 0.223000 0.019250 0.032000
0 0.246625 0.165167 0.024250 0.027000
0 0.242250 0.110167 0.023000 0.014333
0 0.305750 0.586500 0.015500 0.038333
0 0.272500 0.496000 0.026000 0.047333
0 0.307750 0.507667 0.015500 0.032000
0 0.302875 0.430000 0.023250 0.023333
0 0.302375 0.360167 0.033750 0.037000
0 0.313000 0.282667 0.020000 0.018000
0 0.312500 0.099833 0.025000 0.021667
0 0.306250 0.042833 0.020000 0.031000
0 0.284125 0.012000 0.027750 0.018000
0 0.316875 0.007000 0.016250 0.012667
0 0.302875 0.878000 0.007750 0.029333
0 0.482625 0.030000 0.017250 0.015333
0 0.513500 0.958833 0.023000 0.029667
0 0.659625 0.840333 0.023250 0.020667
0 0.634625 0.898000 0.015250 0.012667
0 0.661500 0.722333 0.023000 0.064000
0 0.636125 0.772333 0.016250 0.023333
0 0.641875 0.583167 0.027750 0.019000
0 0.637500 0.471000 0.017500 0.023333
0 0.778375 0.037667 0.020250 0.030667
0 0.781750 0.130000 0.027000 0.025333
0 0.795250 0.472333 0.015500 0.033333
0 0.861125 0.843500 0.020250 0.021667
0 0.941625 0.989333 0.010250 0.021333
0 0.934625 0.825667 0.023250 0.016667
0 0.942750 0.496667 0.022000 0.015333
0 0.908625 0.280000 0.019250 0.018000
0 0.968250 0.330667 0.017500 0.011333
0 0.212500 0.407000 0.015500 0.020667
0 0.200500 0.281167 0.012500 0.025667
0 0.902375 0.682500 0.018250 0.023000
