0 0.008750 0.472667 0.017000 0.032667
0 0.017750 0.929333 0.024000 0.047333
0 0.068750 0.011333 0.020000 0.022000
0 0.155750 0.370333 0.021000 0.037333
0 0.150500 0.242167 0.014500 0.021667
0 0.163500 0.755667 0.021000 0.028000
0 0.155750 0.960667 0.017500 0.030667
0 0.296625 0.912167 0.025750 0.025667
0 0.303875 0.966500 0.040250 0.021667
0 0.283625 0.457000 0.015250 0.015333
0 0.324125 0.342167 0.017250 0.024333
0 0.337000 0.230000 0.022000 0.023333
0 0.298125 0.031167 0.019250 0.023000
0 0.328375 0.095333 0.024250 0.020667
0 0.367875 0.324167 0.020250 0.021667
0 0.503375 0.319833 0.024250 0.025667
0 0.522625 0.442167 0.018250 0.029667
0 0.500000 0.536333 0.019000 0.015333
0 0.429375 0.490333 0.020250 0.015333
0 0.502375 0.674333 0.018250 0.019333
0 0.511125 0.757500 0.008750 0.024333
0 0.521625 0.805667 0.014250 0.023333
0 0.490500 0.985500 0.013500 0.029000
0 0.550000 0.888333 0.017500 0.016667
0 0.624500 0.946000 0.010500 0.029333
0 0.725000 0.522167 0.013500 0.025667
0 0.703375 0.672167 0.014250 0.025667
0 0.706750 0.729333 0.013500 0.022000
0 0.761000 0.965833 0.022000 0.025667
0 0.791750 0.864667 0.014500 0.015333
0 0.774125 0.686500 0.005750 0.028333
0 0.781750 0.617833 0.011500 0.019000
0 0.777000 0.544167 0.013500 0.020333
0 0.760625 0.499167 0.019250 0.010333
0 0.755750 0.425500 0.015500 0.037000
0 0.775375 0.377500 0.018250 0.025667
0 0.788000 0.423000 0.020000 0.037333
0 0.791875 0.339000 0.029750 0.033333
0 0.765875 0.155667 0.018250 0.028000
0 0.786500 0.042167 0.015500 0.011667
0 0.855750 0.079500 0.015500 0.024333
0 0.816875 0.167833 0.008750 0.021667
0 0.865875 0.221667 0.018250 0.016667
0 0.837000 0.378833 0.012500 0.010333
0 0.855750 0.033833 0.009500 0.013000
0 0.870250 0.366000 0.025000 0.015333
0 0.818750 0.533167 0.016500 0.019000
0 0.800000 0.469667 0.013500 0.015333
0 0.231750 0.821000 0.013500 0.036000
0 0.624000 0.777500 0.011500 0.020333
0 0.822625 0.653000 0.018250 0.018000
0 0.845750 0.751167 0.012500 0.009000
0 0.820625 0.921000 0.018250 0.028000
0 0.882125 0.948000 0.018250 0.028000
0 0.910625 0.910667 0.017250 0.033333
0 0.899000 0.773500 0.046000 0.074333
0 0.903375 0.583833 0.033750 0.038333
0 0.902375 0.294167 0.010750 0.038333
0 0.901000 0.248667 0.023000 0.029333
0 0.980250 0.244833 0.014500 0.045000
0 0.966375 0.301167 0.015250 0.029667
0 0.972625 0.359333 0.020250 0.033333
0 0.968750 0.553833 0.024000 0.042333
0 0.986625 0.726167 0.017250 0.023000
0 0.972500 0.878833 0.024000 0.025667
0 0.982625 0.939000 0.007750 0.012667
