0 0.033125 0.418500 0.031750 0.038333
0 0.016875 0.792833 0.027750 0.025667
0 0.016375 0.893333 0.019250 0.032000
0 0.072000 0.910667 0.025000 0.018000
0 0.143750 0.882667 0.016500 0.015333
0 0.190375 0.818500 0.015250 0.025667
0 0.165375 0.711500 0.026750 0.021667
0 0.176000 0.645500 0.025000 0.023000
0 0.165875 0.567833 0.027750 0.055000
0 0.182250 0.514667 0.039500 0.036000
0 0.171125 0.440833 0.023250 0.021667
0 0.178375 0.239000 0.027750 0.015333
0 0.225500 0.633167 0.014500 0.021667
0 0.253750 0.592833 0.025000 0.013000
0 0.241875 0.806333 0.022250 0.014000
0 0.239875 0.883167 0.016250 0.021667
0 0.281625 0.906333 0.019250 0.016667
0 0.332250 0.953833 0.028000 0.009000
0 0.332750 0.888833 0.036500 0.025667
0 0.312500 0.446667 0.044000 0.018000
0 0.308250 0.402500 0.014500 0.024333
0 0.240375 0.307000 0.011750 0.018000
0 0.258625 0.989000 0.017250 0.015333
0 0.499500 0.600000 0.024000 0.034667
0 0.500000 0.476167 0.021000 0.017667
0 0.527875 0.300500 0.007750 0.020333
0 0.522125 0.252500 0.017250 0.024333
0 0.505250 0.173000 0.024000 0.022000
0 0.510625 0.032000 0.015250 0.034667
0 0.565375 0.381833 0.019250 0.027000
0 0.631250 0.435167 0.010500 0.020333
0 0.664875 0.769667 0.018250 0.015333
0 0.620750 0.954333 0.010500 0.012667
0 0.770125 0.836500 0.007750 0.007667
0 0.769750 0.905667 0.010500 0.023333
0 0.749000 0.762000 0.011500 0.015333
0 0.787000 0.658333 0.024000 0.051333
0 0.769250 0.590167 0.009500 0.025667
0 0.800500 0.558167 0.014500 0.031000
0 0.762500 0.454333 0.011500 0.005333
0 0.790875 0.357667 0.024250 0.032000
0 0.718750 0.230000 0.024000 0.015333
0 0.709125 0.167167 0.010750 0.025667
0 0.726875 0.021667 0.015250 0.016667
0 0.774250 0.005500 0.022500 0.010333
0 0.784625 0.187167 0.019250 0.024333
0 0.781750 0.053000 0.013500 0.020667
0 0.833125 0.037000 0.027750 0.022000
0 0.830750 0.151833 0.017500 0.028333
0 0.787000 0.118500 0.008500 0.028333
0 0.853875 0.253000 0.009750 0.018000
0 0.829375 0.414500 0.018250 0.023000
0 0.833625 0.516500 0.019250 0.019000
0 0.859625 0.571000 0.015250 0.012667
0 0.833125 0.669667 0.029750 0.051333
0 0.855250 0.645500 0.016500 0.025667
0 0.865375 0.686333 0.013250 0.012667
0 0.827375 0.756167 0.020250 0.039667
0 0.852000 0.733833 0.013500 0.023000
0 0.864375 0.796000 0.021250 0.040000
0 0.832750 0.876167 0.013500 0.087000
0 0.857250 0.847333 0.016500 0.022000
0 0.894125 0.916500 0.019250 0.021667
0 0.888000 0.707000 0.012500 0.012667
0 0.893250 0.574333 0.011500 0.014000
0 0.888000 0.436333 0.014500 0.020667
0 0.922500 0.402333 0.024000 0.034667
0 0.919250 0.306333 0.021000 0.029333
0 0.911500 0.265833 0.027000 0.013000
0 0.889875 0.244000 0.014250 0.018000
0 0.913000 0.087833 0.024000 0.041000
0 0.976000 0.065167 0.021000 0.060333
0 0.991750 0.240333 0.010500 0.036000
0 0.980250 0.381333 0.012500 0.015333
0 0.990750 0.438333 0.012500 0.016667
0 0.992750 0.539667 0.014500 0.022000
0 0.987000 0.675500 0.024000 0.039667
0 0.989875 0.736000 0.020250 0.030000
0 0.453375 0.081333 0.014250 0.020667
0 0.320750 0.805000 0.014500 0.022000
0 0.924500 0.895500 0.014500 0.025667
