0 0.019500 0.015167 0.026500 0.029667
0 0.012125 0.115500 0.023750 0.029000
0 0.022125 0.370333 0.019250 0.034667
0 0.011000 0.713333 0.014500 0.038667
0 0.139000 0.383167 0.026000 0.014333
0 0.062500 0.120333 0.027000 0.029333
0 0.141250 0.092833 0.025000 0.028333
0 0.189000 0.475500 0.014500 0.019000
0 0.216375 0.415833 0.023250 0.020333
0 0.257625 0.218500 0.017250 0.025667
0 0.241875 0.108333 0.008750 0.018000
0 0.247125 0.037167 0.021250 0.024333
0 0.183625 0.040167 0.019250 0.028333
0 0.276375 0.133833 0.018250 0.015667
0 0.250875 0.514000 0.030750 0.055333
0 0.151875 0.767167 0.019250 0.038333
0 0.212000 0.706833 0.024000 0.010333
0 0.248500 0.775500 0.022000 0.019000
0 0.229250 0.860000 0.024000 0.034667
0 0.285125 0.817167 0.027750 0.043667
0 0.318250 0.892833 0.021000 0.017667
0 0.314500 0.532667 0.013500 0.018000
0 0.341375 0.181333 0.021250 0.012667
0 0.321125 0.111500 0.021250 0.027000
0 0.325375 0.021667 0.018250 0.022000
0 0.358625 0.590833 0.021250 0.024333
0 0.418250 0.802333 0.023000 0.019333
0 0.498500 0.865333 0.028000 0.019333
0 0.515875 0.436333 0.031750 0.030667
0 0.516375 0.265333 0.017250 0.029333
0 0.616750 0.187667 0.010500 0.012667
0 0.619250 0.358833 0.013500 0.042333
0 0.665375 0.412167 0.011750 0.010333
0 0.642875 0.592833 0.018250 0.013000
0 0.669750 0.633167 0.022000 0.027000
0 0.652875 0.724833 0.026750 0.020333
0 0.644250 0.937167 0.007500 0.009000
0 0.728375 0.269000 0.016250 0.019333
0 0.666250 0.008833 0.013500 0.014333
0 0.773500 0.070333 0.014500 0.016667
0 0.741250 0.107000 0.011500 0.018000
0 0.765875 0.152500 0.018250 0.011667
0 0.778875 0.247333 0.034750 0.032000
0 0.780250 0.417167 0.051000 0.071667
0 0.733750 0.535833 0.011500 0.009000
0 0.789000 0.551833 0.014500 0.013000
0 0.759125 0.665333 0.014250 0.016667
0 0.758125 0.576167 0.008750 0.010333
0 0.779250 0.869833 0.024000 0.038333
0 0.801000 0.944167 0.021000 0.046333
0 0.861125 0.891000 0.020250 0.114000
0 0.824500 0.719667 0.014500 0.012667
0 0.829750 0.631167 0.027000 0.059000
0 0.824000 0.573667 0.013500 0.033333
0 0.827375 0.488333 0.020250 0.055333
0 0.814000 0.431333 0.014500 0.015333
0 0.852875 0.450500 0.007750 0.013000
0 0.831750 0.371000 0.007500 0.015333
0 0.829875 0.316000 0.017250 0.033333
0 0.861500 0.323667 0.011500 0.033333
0 0.859250 0.249833 0.012500 0.039667
0 0.831000 0.108000 0.021000 0.079333
0 0.852875 0.076833 0.011750 0.019000
0 0.861000 0.027333 0.022000 0.033333
0 0.834250 0.012000 0.014000 0.023333
0 0.922500 0.926833 0.024000 0.045000
0 0.920250 0.810667 0.034500 0.051333
0 0.920250 0.608167 0.011500 0.025667
0 0.932625 0.504333 0.019250 0.028000
0 0.913875 0.411500 0.029750 0.078333
0 0.935625 0.348667 0.021250 0.037333
0 0.930250 0.278167 0.014500 0.021667
0 0.890375 0.152333 0.021250 0.019333
0 0.990875 0.935333 0.018250 0.056667
0 0.989875 0.849333 0.010750 0.033333
0 0.967875 0.525500 0.006750 0.009000
0 0.995250 0.376333 0.009500 0.028667
0 0.994250 0.443333 0.011500 0.039333
0 0.993750 0.529000 0.012500 0.013333
0 0.922625 0.136500 0.006750 0.010333
0 0.898625 0.726167 0.006750 0.017667
0 0.869250 0.683833 0.007500 0.017667
0 0.889875 0.637000 0.014250 0.011333
0 0.014875 0.919667 0.010750 0.012667
