0 0.010750 0.980500 0.021000 0.014333
0 0.021125 0.627500 0.017250 0.043667
0 0.013125 0.373500 0.025750 0.025667
0 0.007375 0.265167 0.014250 0.032333
0 0.061500 0.373500 0.027000 0.025667
0 0.142250 0.641500 0.025000 0.028333
0 0.140375 0.349167 0.017250 0.023000
0 0.157250 0.190167 0.014500 0.028333
0 0.173125 0.119167 0.017250 0.021667
0 0.157625 0.065333 0.021250 0.016667
0 0.164875 0.027333 0.029750 0.036000
0 0.193125 0.012667 0.009750 0.024667
0 0.185625 0.296667 0.019250 0.023333
0 0.189000 0.723500 0.010500 0.028333
0 0.236625 0.772333 0.017250 0.046000
0 0.264875 0.789667 0.016250 0.019333
0 0.214875 0.671667 0.020250 0.016667
0 0.257250 0.478000 0.014500 0.029333
0 0.277000 0.384500 0.025000 0.019000
0 0.241750 0.361500 0.012500 0.021667
0 0.242375 0.286500 0.021250 0.023000
0 0.221125 0.107500 0.017250 0.024333
0 0.252875 0.077500 0.009750 0.020333
0 0.314000 0.792333 0.022000 0.016667
0 0.336625 0.439000 0.019250 0.012667
0 0.324625 0.367667 0.018250 0.016667
0 0.323500 0.276667 0.010500 0.016667
0 0.353375 0.844667 0.016250 0.014000
0 0.521625 0.514000 0.020250 0.029333
0 0.512500 0.692167 0.040500 0.037000
0 0.499500 0.087667 0.024000 0.030667
0 0.566750 0.585833 0.010500 0.011667
0 0.620250 0.614500 0.013500 0.041000
0 0.621625 0.437000 0.016250 0.016667
0 0.638500 0.850500 0.009500 0.015667
0 0.672125 0.896000 0.017250 0.032000
0 0.658125 0.981333 0.020250 0.033333
0 0.664375 0.250500 0.015250 0.020333
0 0.748000 0.242833 0.023000 0.020333
0 0.768250 0.318333 0.009500 0.015333
0 0.738000 0.351833 0.010500 0.010333
0 0.732625 0.519000 0.019250 0.014000
0 0.665875 0.667167 0.018250 0.007667
0 0.777000 0.500000 0.038500 0.034667
0 0.765875 0.661333 0.022250 0.047333
0 0.760125 0.912167 0.016250 0.010333
0 0.793250 0.804333 0.015500 0.015333
0 0.762500 0.833167 0.013500 0.014333
0 0.823125 0.972333 0.017250 0.018000
0 0.830375 0.884500 0.029750 0.045000
0 0.815375 0.832500 0.009750 0.013000
0 0.811125 0.701667 0.029750 0.048667
0 0.841750 0.570500 0.049000 0.042333
0 0.857750 0.496667 0.023000 0.018000
0 0.829875 0.359500 0.021250 0.120333
0 0.846750 0.255000 0.037500 0.075333
0 0.775500 0.121167 0.037500 0.107667
0 0.800000 0.045333 0.011500 0.015333
0 0.847125 0.144167 0.042250 0.071667
0 0.856250 0.053000 0.018500 0.012667
0 0.828750 0.012000 0.036500 0.018000
0 0.893250 0.060167 0.011500 0.024333
0 0.886000 0.191667 0.014500 0.018000
0 0.851500 0.327500 0.010500 0.020333
0 0.890375 0.398000 0.011750 0.028000
0 0.932250 0.528667 0.014500 0.020667
0 0.938000 0.598500 0.016500 0.011667
0 0.913375 0.673500 0.032750 0.071667
0 0.927875 0.764500 0.017250 0.023000
0 0.926000 0.863333 0.021000 0.025333
0 0.908625 0.978000 0.021250 0.019333
0 0.988000 0.160833 0.024000 0.023000
0 0.991375 0.224000 0.017250 0.026667
0 0.989875 0.029333 0.010750 0.011333
0 0.993750 0.614667 0.012500 0.012667
0 0.968375 0.771000 0.019250 0.015333
0 0.993750 0.682667 0.012500 0.015333
0 0.992250 0.798500 0.009500 0.055000
0 0.487500 0.231333 0.011500 0.038667
0 0.208125 0.960167 0.018250 0.024333
0 0.177875 0.907500 0.013250 0.009000
0 0.849125 0.692333 0.019250 0.016667
0 0.834625 0.624167 0.015250 0.021667
