0 0.011125 0.735167 0.021750 0.035667
0 0.030750 0.587667 0.021000 0.036000
1 0.022500 0.374333 0.024000 0.034667
0 0.073000 0.288333 0.013500 0.034667
0 0.060625 0.461333 0.028750 0.016667
0 0.163875 0.196667 0.018250 0.038667
0 0.150500 0.641000 0.022000 0.019333
0 0.146625 0.515167 0.016250 0.024333
0 0.232250 0.133833 0.022000 0.028333
0 0.293750 0.297333 0.018500 0.026667
0 0.326375 0.360833 0.016250 0.028333
0 0.325500 0.499333 0.014500 0.030667
0 0.329250 0.603000 0.014500 0.018000
0 0.283125 0.724167 0.018250 0.042333
0 0.368750 0.587000 0.014500 0.014000
0 0.377875 0.306333 0.015250 0.011333
0 0.457625 0.233833 0.019250 0.023000
0 0.421625 0.757500 0.025750 0.024333
0 0.443750 0.854333 0.024000 0.028000
0 0.495750 0.942167 0.014500 0.032333
0 0.500500 0.800667 0.026000 0.033333
0 0.528875 0.707667 0.021250 0.032000
0 0.501875 0.580000 0.017250 0.018000
0 0.520250 0.252500 0.015500 0.027000
0 0.500500 0.131333 0.010500 0.033333
0 0.726000 0.776167 0.009500 0.031000
0 0.708625 0.942167 0.015250 0.019000
0 0.703625 0.993167 0.007250 0.013667
0 0.774000 0.941500 0.015500 0.035667
0 0.765875 0.781833 0.025750 0.055000
0 0.770125 0.670333 0.046250 0.098667
0 0.792250 0.596667 0.034500 0.025333
0 0.767250 0.415833 0.023000 0.043667
0 0.786125 0.293500 0.016250 0.024333
0 0.747125 0.290833 0.009750 0.011667
0 0.857250 0.294667 0.022000 0.032000
0 0.855750 0.341500 0.011500 0.020333
0 0.821250 0.425500 0.013500 0.024333
0 0.865375 0.482667 0.009750 0.018000
0 0.839000 0.641000 0.010500 0.016667
0 0.869750 0.625000 0.024000 0.015333
0 0.802875 0.732667 0.013250 0.015333
0 0.816375 0.794167 0.019250 0.028333
0 0.828875 0.922333 0.030750 0.033333
0 0.914000 0.849167 0.024000 0.046333
0 0.897125 0.551167 0.028750 0.027000
0 0.902875 0.502500 0.009750 0.029667
0 0.987125 0.504333 0.018250 0.051333
0 0.963500 0.556333 0.013500 0.034667
0 0.977875 0.621667 0.023250 0.042000
0 0.981750 0.818500 0.015500 0.041000
0 0.992250 0.988167 0.015500 0.013667
0 0.903375 0.023000 0.010750 0.032000
0 0.985625 0.031333 0.019250 0.018000
0 0.323125 0.143500 0.009750 0.014333
