0 0.065000 0.096667 0.026000 0.025333
0 0.064500 0.292167 0.025000 0.024333
0 0.015000 0.381167 0.012500 0.025667
0 0.016750 0.960833 0.026000 0.023000
0 0.075500 0.917167 0.022000 0.025667
0 0.090875 0.700500 0.018250 0.017667
0 0.607250 0.387000 0.014500 0.022000
0 0.622125 0.241000 0.023250 0.032000
0 0.846250 0.026667 0.013500 0.032000
0 0.809625 0.305667 0.009750 0.023333
0 0.907750 0.974333 0.009500 0.019333
0 0.571625 0.085000 0.010750 0.015333
0 0.370625 0.790833 0.008750 0.029667
0 0.303375 0.008167 0.006750 0.013000
0 0.449000 0.091500 0.015500 0.020333
0 0.012000 0.040833 0.012500 0.009000
0 0.018750 0.496667 0.014500 0.020667
