0 0.014375 0.164500 0.019250 0.043667
0 0.025875 0.317833 0.042250 0.039667
0 0.022625 0.396000 0.002750 0.016667
0 0.020250 0.655000 0.011500 0.014000
0 0.264000 0.518500 0.012500 0.031000
0 0.286125 0.491500 0.018250 0.020333
0 0.305375 0.583167 0.018250 0.047667
0 0.285125 0.695500 0.014250 0.025667
0 0.285625 0.900500 0.015250 0.043667
0 0.222625 0.953000 0.018250 0.048667
0 0.302875 0.136333 0.013250 0.020667
0 0.577875 0.841667 0.023250 0.018000
1 0.764875 0.262000 0.022250 0.030667
0 0.917750 0.303167 0.022000 0.041000
0 0.755750 0.852500 0.004000 0.006333
1 0.800000 0.756167 0.017500 0.042333
1 0.634625 0.664000 0.019250 0.040000
0 0.488500 0.558833 0.015500 0.009000
0 0.638000 0.090167 0.022000 0.028333
0 0.993750 0.516333 0.012500 0.018667
0 0.988000 0.581333 0.012500 0.012667
0 0.836500 0.891667 0.013500 0.015333
1 0.222500 0.893500 0.037500 0.037000
