0 0.007375 0.106167 0.014250 0.022333
0 0.129375 0.147833 0.022250 0.025667
0 0.134125 0.210167 0.022250 0.024333
0 0.170750 0.164000 0.026000 0.029333
0 0.131750 0.393500 0.013500 0.024333
0 0.148500 0.318333 0.024000 0.018000
0 0.124500 0.451667 0.012500 0.018000
0 0.224500 0.426833 0.028000 0.021667
0 0.227875 0.539667 0.023250 0.037333
0 0.222125 0.206833 0.046250 0.043667
0 0.249625 0.246167 0.018250 0.024333
0 0.213875 0.069000 0.018250 0.032000
0 0.311500 0.314000 0.021000 0.032000
0 0.279875 0.223000 0.030750 0.044667
0 0.312000 0.245500 0.016500 0.025667
0 0.305750 0.161333 0.021000 0.032000
0 0.295625 0.076167 0.020250 0.025667
0 0.317375 0.104333 0.017250 0.023333
0 0.322125 0.016000 0.009750 0.018000
0 0.308750 0.795333 0.013500 0.030667
0 0.519250 0.681833 0.017500 0.027000
0 0.639000 0.198500 0.014500 0.027000
0 0.644750 0.318333 0.026000 0.033333
0 0.668250 0.452500 0.025000 0.070333
0 0.644250 0.501833 0.021000 0.013000
0 0.669750 0.571667 0.010500 0.024667
0 0.642375 0.632000 0.017250 0.014000
0 0.665875 0.765167 0.018250 0.009000
0 0.670125 0.909000 0.005750 0.016667
0 0.800000 0.205667 0.019000 0.020667
0 0.871625 0.570500 0.020250 0.027000
0 0.827875 0.834500 0.007750 0.014333
0 0.953875 0.972833 0.021250 0.024333
0 0.950500 0.807500 0.010500 0.024333
0 0.993250 0.909000 0.013500 0.014667
0 0.939375 0.928667 0.019250 0.015333
0 0.936000 0.555667 0.026000 0.033333
0 0.950875 0.732500 0.019250 0.010333
0 0.949000 0.235833 0.013500 0.027000
0 0.974500 0.064000 0.012500 0.016667
0 0.913500 0.008167 0.011500 0.013000
0 0.911125 0.416667 0.011250 0.008667
0 0.986125 0.417333 0.003750 0.006000
0 0.838875 0.096833 0.010250 0.012333
0 0.866250 0.011167 0.006500 0.006333
