0 0.064500 0.528000 0.025000 0.029333
0 0.020250 0.839000 0.015500 0.012667
0 0.148500 0.895333 0.026000 0.028000
0 0.139000 0.758333 0.014500 0.015333
0 0.166750 0.445500 0.026000 0.023000
0 0.220125 0.371000 0.019250 0.028000
0 0.290375 0.539667 0.017250 0.029333
0 0.328750 0.601000 0.011500 0.016667
0 0.326000 0.745333 0.027000 0.012667
0 0.318750 0.852500 0.020000 0.024333
0 0.322625 0.013833 0.014250 0.024333
0 0.368750 0.558833 0.020000 0.014333
0 0.461125 0.481167 0.018250 0.025667
0 0.496625 0.379333 0.020250 0.026667
0 0.517750 0.487667 0.022000 0.028000
0 0.497500 0.829333 0.026000 0.026667
0 0.520625 0.962167 0.018250 0.041000
0 0.693750 0.883833 0.010500 0.020333
0 0.772125 0.922833 0.042250 0.073000
0 0.793750 0.842667 0.028000 0.033333
0 0.761500 0.650500 0.029000 0.025667
0 0.779250 0.542833 0.024000 0.025667
0 0.813000 0.178667 0.024000 0.018000
0 0.800000 0.025500 0.029000 0.021667
0 0.807625 0.667167 0.007750 0.015667
0 0.864875 0.726833 0.031750 0.024333
0 0.836000 0.881333 0.012500 0.020667
0 0.868250 0.865167 0.021000 0.027000
0 0.901000 0.783833 0.011500 0.028333
0 0.908625 0.742167 0.017250 0.029667
0 0.849500 0.582500 0.022000 0.025667
0 0.843750 0.532000 0.005000 0.004000
0 0.898625 0.255667 0.033750 0.015333
0 0.909125 0.107500 0.016250 0.011667
0 0.977375 0.258833 0.010750 0.009000
0 0.981750 0.751167 0.029000 0.042333
0 0.962500 0.796667 0.027000 0.023333
0 0.974000 0.873000 0.034500 0.029333
0 0.272000 0.969000 0.025000 0.014000
0 0.363500 0.831333 0.021000 0.012667
0 0.292750 0.191500 0.014500 0.020333
0 0.320625 0.390333 0.006750 0.015333
