0 0.031250 0.203833 0.018500 0.024333
0 0.006375 0.516500 0.012250 0.021667
0 0.032625 0.772833 0.021250 0.027000
0 0.090375 0.722333 0.021250 0.033333
0 0.142875 0.833833 0.018250 0.013000
0 0.074500 0.103667 0.020000 0.019333
0 0.388000 0.602333 0.010500 0.019333
0 0.617750 0.208167 0.010500 0.031000
0 0.631250 0.051167 0.012500 0.027000
0 0.110000 0.512833 0.009500 0.012333
0 0.234250 0.055667 0.008500 0.016000
0 0.289375 0.047000 0.009750 0.010667
0 0.316875 0.012333 0.009750 0.011333
0 0.976250 0.683000 0.012500 0.012667
0 0.933000 0.023500 0.012500 0.019667
0 0.929000 0.159500 0.010000 0.019000
0 0.806000 0.060167 0.006000 0.013000
0 0.761375 0.857500 0.010250 0.013667
0 0.242125 0.986667 0.010250 0.016000
0 0.644250 0.438333 0.015500 0.022000
0 0.275375 0.103167 0.018250 0.025667
