0 0.105625 0.158750 0.056250 0.050000
0 0.093750 0.106250 0.027500 0.022500
0 0.012500 0.250000 0.022500 0.062500
0 0.126250 0.068750 0.107500 0.057500
0 0.017500 0.381875 0.032500 0.041250
0 0.066250 0.405000 0.047500 0.055000
0 0.090625 0.357500 0.043750 0.037500
0 0.038750 0.548125 0.055000 0.061250
0 0.087500 0.671250 0.065000 0.052500
0 0.040625 0.733750 0.031250 0.025000
0 0.322500 0.638125 0.037500 0.046250
0 0.281250 0.550000 0.047500 0.045000
0 0.392500 0.220000 0.057500 0.055000
0 0.426250 0.315625 0.045000 0.093750
0 0.441250 0.450625 0.057500 0.058750
0 0.426250 0.630000 0.037500 0.045000
0 0.523750 0.643750 0.050000 0.045000
0 0.458750 0.907500 0.060000 0.107500
0 0.340000 0.985000 0.042500 0.030000
0 0.384375 0.845000 0.023750 0.027500
0 0.523750 0.070000 0.097500 0.095000
0 0.293125 0.049375 0.051250 0.041250
0 0.676875 0.800000 0.043750 0.042500
0 0.685625 0.861250 0.033750 0.030000
0 0.631250 0.980625 0.042500 0.038750
0 0.818750 0.789375 0.055000 0.048750
0 0.746250 0.719375 0.035000 0.051250
0 0.834375 0.682500 0.056250 0.062500
0 0.691250 0.586875 0.027500 0.036250
0 0.631875 0.634375 0.051250 0.041250
0 0.893750 0.457500 0.060000 0.037500
0 0.836875 0.461875 0.041250 0.041250
0 0.802500 0.504375 0.032500 0.026250
0 0.709375 0.433125 0.021250 0.046250
0 0.714375 0.073125 0.048750 0.056250
0 0.745000 0.171875 0.040000 0.051250
0 0.681875 0.183125 0.043750 0.056250
0 0.791875 0.010000 0.053750 0.017500
0 0.853125 0.102500 0.023750 0.040000
0 0.296875 0.785625 0.033750 0.033750
0 0.943125 0.406250 0.031250 0.030000
0 0.033750 0.610625 0.062500 0.023750
0 0.031250 0.295625 0.020000 0.013750
0 0.579375 0.008750 0.036250 0.015000
0 0.311875 0.337500 0.038750 0.027500
0 0.703125 0.358125 0.023750 0.023750
0 0.785625 0.968750 0.063750 0.062500
0 0.750625 0.881250 0.033750 0.020000
0 0.261250 0.505000 0.035000 0.025000
