0 0.026875 0.195625 0.043750 0.053750
0 0.055000 0.059375 0.037500 0.043750
0 0.115000 0.081875 0.050000 0.038750
0 0.160000 0.135625 0.040000 0.031250
0 0.327500 0.205625 0.055000 0.053750
0 0.352500 0.011875 0.052500 0.021250
0 0.204375 0.400000 0.038750 0.037500
0 0.089375 0.617500 0.043750 0.052500
0 0.387500 0.378125 0.032500 0.048750
0 0.353125 0.475625 0.046250 0.043750
0 0.416875 0.514375 0.063750 0.096250
0 0.509375 0.551250 0.033750 0.070000
0 0.490000 0.215625 0.087500 0.056250
0 0.653125 0.641875 0.043750 0.051250
0 0.718125 0.251875 0.051250 0.078750
0 0.780000 0.284375 0.050000 0.036250
0 0.808750 0.195000 0.062500 0.062500
0 0.868750 0.179375 0.042500 0.073750
0 0.784375 0.486875 0.043750 0.046250
0 0.845625 0.511250 0.031250 0.057500
0 0.792500 0.558750 0.045000 0.052500
0 0.665625 0.411875 0.031250 0.026250
0 0.640625 0.290625 0.051250 0.043750
0 0.728125 0.626875 0.043750 0.061250
0 0.770000 0.657500 0.025000 0.040000
0 0.749375 0.722500 0.026250 0.030000
0 0.691250 0.933125 0.040000 0.068750
0 0.916250 0.661250 0.055000 0.062500
0 0.938125 0.264375 0.048750 0.051250
0 0.879375 0.736875 0.036250 0.051250
0 0.915625 0.803125 0.036250 0.058750
0 0.926250 0.721250 0.042500 0.040000
0 0.851875 0.676250 0.023750 0.030000
0 0.882500 0.931250 0.062500 0.050000
0 0.768125 0.981875 0.041250 0.036250
0 0.115625 0.501250 0.041250 0.032500
0 0.199375 0.778125 0.061250 0.051250
0 0.189375 0.881250 0.043750 0.040000
0 0.363125 0.909375 0.053750 0.036250
0 0.316875 0.808750 0.058750 0.030000
0 0.458750 0.661250 0.017500 0.010000
0 0.607500 0.877500 0.032500 0.027500
0 0.643750 0.974375 0.042500 0.018750
0 0.601250 0.589375 0.042500 0.016250
0 0.938750 0.578750 0.032500 0.025000
0 0.668750 0.010000 0.062500 0.017500
0 0.018125 0.696250 0.026250 0.015000
0 0.499375 0.964375 0.031250 0.043750
0 0.620625 0.815000 0.028750 0.022500
0 0.469375 0.878125 0.048750 0.018750
0 0.753125 0.126875 0.046250 0.041250
