0 0.096250 0.043333 0.047500 0.026667
0 0.085625 0.204167 0.041250 0.038333
0 0.012500 0.714167 0.017500 0.045000
0 0.187500 0.534167 0.020000 0.021667
0 0.055625 0.525000 0.026250 0.040000
0 0.368750 0.186667 0.027500 0.030000
0 0.363750 0.986667 0.017500 0.026667
0 0.594375 0.778333 0.031250 0.046667
0 0.777500 0.850833 0.037500 0.025000
0 0.798750 0.748333 0.070000 0.110000
0 0.888125 0.830833 0.028750 0.045000
0 0.968750 0.950000 0.022500 0.036667
0 0.908125 0.502500 0.033750 0.045000
0 0.796250 0.266667 0.037500 0.040000
0 0.556875 0.130000 0.031250 0.023333
0 0.501875 0.241667 0.021250 0.030000
0 0.646875 0.109167 0.018750 0.015000
0 0.927500 0.067500 0.032500 0.031667
0 0.310625 0.824167 0.036250 0.031667
0 0.114375 0.942500 0.031250 0.035000
0 0.664375 0.367500 0.031250 0.035000
0 0.647500 0.465000 0.027500 0.036667
0 0.745000 0.649167 0.020000 0.005000
