0 0.046875 0.923750 0.083750 0.137500
0 0.071250 0.519375 0.087500 0.101250
0 0.013750 0.303750 0.025000 0.032500
0 0.293750 0.145000 0.120000 0.122500
0 0.385000 0.021250 0.072500 0.040000
0 0.418125 0.356875 0.118750 0.113750
0 0.461875 0.240000 0.078750 0.085000
0 0.515625 0.343125 0.051250 0.043750
0 0.581875 0.460000 0.208750 0.185000
0 0.574375 0.687500 0.081250 0.095000
0 0.394375 0.799375 0.088750 0.076250
0 0.380000 0.911875 0.087500 0.046250
0 0.288125 0.981250 0.066250 0.025000
0 0.626250 0.806250 0.077500 0.057500
0 0.720625 0.777500 0.061250 0.067500
0 0.779375 0.854375 0.068750 0.053750
0 0.970625 0.802500 0.058750 0.082500
0 0.942500 0.516250 0.095000 0.092500
0 0.751250 0.341250 0.085000 0.055000
0 0.563750 0.068125 0.182500 0.133750
0 0.927500 0.035000 0.042500 0.067500
0 0.874375 0.150000 0.081250 0.045000
0 0.720625 0.216875 0.101250 0.061250
0 0.972500 0.223750 0.055000 0.092500
0 0.956250 0.335625 0.087500 0.103750
0 0.860000 0.291875 0.055000 0.021250
0 0.891875 0.220000 0.046250 0.070000
0 0.835625 0.500000 0.041250 0.012500
0 0.543125 0.833125 0.041250 0.021250
0 0.356250 0.472500 0.022500 0.025000
0 0.209375 0.531250 0.023750 0.030000
0 0.395000 0.153750 0.027500 0.020000
