0 0.012500 0.129375 0.022500 0.041250
0 0.031250 0.367500 0.055000 0.042500
0 0.018750 0.461875 0.027500 0.023750
0 0.073125 0.500625 0.031250 0.026250
0 0.157500 0.681250 0.092500 0.067500
0 0.111875 0.546250 0.038750 0.050000
0 0.161875 0.596875 0.026250 0.031250
0 0.264375 0.583750 0.066250 0.067500
0 0.286875 0.482500 0.043750 0.052500
0 0.338750 0.633125 0.035000 0.036250
0 0.402500 0.520625 0.077500 0.073750
0 0.196250 0.511250 0.042500 0.045000
0 0.205625 0.453125 0.081250 0.056250
0 0.161875 0.378750 0.036250 0.067500
0 0.321250 0.304375 0.032500 0.023750
0 0.388125 0.287500 0.033750 0.050000
0 0.245625 0.199375 0.053750 0.048750
0 0.168125 0.282500 0.048750 0.037500
0 0.175625 0.225000 0.021250 0.022500
0 0.066250 0.258750 0.035000 0.030000
0 0.067500 0.187500 0.050000 0.030000
0 0.102500 0.106875 0.032500 0.038750
0 0.219375 0.144375 0.048750 0.031250
0 0.215625 0.066250 0.056250 0.065000
0 0.324375 0.058125 0.058750 0.041250
0 0.368125 0.018125 0.051250 0.028750
0 0.429375 0.171250 0.028750 0.017500
0 0.403125 0.596875 0.033750 0.041250
0 0.440625 0.654375 0.031250 0.016250
0 0.484375 0.480625 0.051250 0.051250
0 0.692500 0.543750 0.040000 0.027500
0 0.490000 0.335000 0.042500 0.047500
0 0.483125 0.393125 0.038750 0.028750
0 0.560625 0.207500 0.046250 0.055000
0 0.641875 0.226875 0.056250 0.048750
0 0.653750 0.058125 0.047500 0.051250
0 0.730625 0.055000 0.051250 0.040000
0 0.752500 0.311875 0.052500 0.036250
0 0.792500 0.340625 0.035000 0.026250
0 0.831250 0.273125 0.022500 0.033750
0 0.841875 0.558750 0.028750 0.077500
0 0.825000 0.409375 0.040000 0.033750
0 0.813125 0.900000 0.041250 0.060000
0 0.605000 0.889375 0.027500 0.033750
0 0.656875 0.786875 0.041250 0.023750
0 0.537500 0.727500 0.032500 0.035000
0 0.662500 0.693750 0.022500 0.037500
0 0.543750 0.796250 0.030000 0.027500
0 0.189375 0.935000 0.036250 0.035000
0 0.125625 0.924375 0.036250 0.033750
0 0.303750 0.875000 0.060000 0.052500
0 0.251875 0.773750 0.066250 0.092500
0 0.084375 0.757500 0.048750 0.037500
0 0.075625 0.833750 0.023750 0.050000
0 0.182500 0.873125 0.030000 0.026250
0 0.221875 0.870625 0.031250 0.018750
0 0.081250 0.978125 0.025000 0.021250
0 0.612500 0.635000 0.032500 0.017500
0 0.934375 0.793125 0.046250 0.048750
0 0.971875 0.870000 0.056250 0.065000
0 0.971875 0.928750 0.026250 0.032500
0 0.927500 0.604375 0.032500 0.048750
0 0.985000 0.603125 0.030000 0.061250
0 0.963750 0.460000 0.042500 0.050000
0 0.981875 0.363750 0.036250 0.087500
0 0.535625 0.054375 0.038750 0.031250
0 0.016875 0.806250 0.026250 0.047500
0 0.031875 0.743750 0.041250 0.045000
0 0.968125 0.250625 0.033750 0.023750
0 0.448750 0.952500 0.040000 0.017500
0 0.768750 0.991875 0.037500 0.016250
0 0.027500 0.887500 0.022500 0.012500
0 0.245625 0.267500 0.031250 0.017500
