0 0.043125 0.171250 0.036250 0.045000
0 0.089375 0.134375 0.043750 0.036250
0 0.055000 0.017500 0.030000 0.032500
0 0.181250 0.706250 0.037500 0.045000
0 0.311250 0.829375 0.067500 0.101250
0 0.338750 0.753750 0.032500 0.032500
0 0.380000 0.700625 0.042500 0.023750
0 0.344375 0.642500 0.036250 0.022500
0 0.195000 0.593750 0.067500 0.050000
0 0.343125 0.491250 0.033750 0.035000
0 0.215000 0.441875 0.052500 0.051250
0 0.186875 0.336250 0.051250 0.047500
0 0.278125 0.040000 0.086250 0.042500
0 0.401250 0.095625 0.047500 0.053750
0 0.375625 0.041875 0.041250 0.018750
0 0.594375 0.046875 0.031250 0.026250
0 0.409375 0.251875 0.031250 0.023750
0 0.603125 0.231875 0.038750 0.026250
0 0.567500 0.286875 0.020000 0.026250
0 0.628125 0.320625 0.048750 0.078750
0 0.743750 0.236875 0.042500 0.036250
0 0.763125 0.306875 0.033750 0.046250
0 0.707500 0.283125 0.030000 0.028750
0 0.490000 0.439375 0.035000 0.028750
0 0.563750 0.500000 0.095000 0.092500
0 0.668125 0.473750 0.018750 0.022500
0 0.640625 0.541250 0.036250 0.040000
0 0.599375 0.575625 0.021250 0.016250
0 0.718750 0.547500 0.042500 0.042500
0 0.481250 0.628125 0.030000 0.033750
0 0.532500 0.628125 0.032500 0.046250
0 0.740625 0.731875 0.063750 0.066250
0 0.516875 0.741875 0.036250 0.011250
0 0.925000 0.736250 0.055000 0.030000
0 0.914375 0.516250 0.038750 0.037500
0 0.988750 0.593750 0.022500 0.030000
0 0.915625 0.567500 0.028750 0.017500
0 0.973125 0.320625 0.053750 0.056250
0 0.985000 0.233125 0.030000 0.053750
0 0.894375 0.205625 0.028750 0.031250
0 0.866250 0.132500 0.030000 0.015000
0 0.986250 0.068750 0.027500 0.015000
0 0.908125 0.010625 0.028750 0.018750
0 0.697500 0.816875 0.040000 0.033750
0 0.714375 0.863125 0.036250 0.021250
0 0.892500 0.868750 0.042500 0.040000
0 0.307500 0.085000 0.030000 0.027500
0 0.920625 0.371250 0.018750 0.040000
0 0.833750 0.968125 0.037500 0.038750
0 0.698750 0.962500 0.045000 0.025000
0 0.218750 0.928750 0.017500 0.042500
0 0.247500 0.911875 0.020000 0.011250
0 0.363750 0.985625 0.037500 0.028750
0 0.099375 0.525625 0.031250 0.028750
0 0.451250 0.962500 0.050000 0.037500
0 0.311250 0.603750 0.025000 0.025000
