0 0.236875 0.065000 0.138750 0.115000
0 0.243750 0.416250 0.160000 0.230000
0 0.558750 0.455000 0.142500 0.090000
0 0.579375 0.215625 0.146250 0.108750
0 0.601250 0.028750 0.072500 0.055000
0 0.826875 0.153125 0.166250 0.096250
0 0.935000 0.420000 0.130000 0.167500
0 0.793125 0.685000 0.121250 0.132500
0 0.633125 0.973750 0.073750 0.052500
0 0.740000 0.934375 0.060000 0.108750
0 0.856875 0.889375 0.143750 0.158750
0 0.481875 0.921875 0.053750 0.031250
0 0.406250 0.373750 0.020000 0.047500
0 0.978125 0.008750 0.043750 0.015000
0 0.680000 0.650625 0.025000 0.018750
