0 0.084375 0.080833 0.143750 0.158333
0 0.273125 0.137500 0.051250 0.088333
0 0.395000 0.197500 0.140000 0.275000
0 0.258125 0.365833 0.151250 0.161667
0 0.088750 0.425833 0.152500 0.148333
0 0.025625 0.650833 0.048750 0.145000
0 0.148125 0.917500 0.076250 0.108333
0 0.381875 0.969167 0.063750 0.061667
0 0.473125 0.896667 0.091250 0.116667
0 0.537500 0.920833 0.022500 0.041667
0 0.221250 0.537500 0.107500 0.121667
0 0.212500 0.682500 0.067500 0.131667
0 0.363125 0.690833 0.133750 0.255000
0 0.788125 0.879167 0.053750 0.131667
0 0.986875 0.657500 0.026250 0.035000
0 0.984375 0.303333 0.031250 0.113333
0 0.752500 0.055000 0.035000 0.050000
0 0.350000 0.014167 0.027500 0.025000
0 0.280000 0.020833 0.032500 0.038333
0 0.150625 0.541667 0.028750 0.036667
