0 0.063125 0.039375 0.113750 0.076250
0 0.063125 0.176875 0.091250 0.116250
0 0.166875 0.070625 0.066250 0.098750
0 0.216875 0.211875 0.033750 0.033750
0 0.101250 0.439375 0.037500 0.038750
0 0.241875 0.497500 0.028750 0.037500
0 0.045625 0.676875 0.081250 0.136250
0 0.158750 0.676250 0.062500 0.072500
0 0.117500 0.913750 0.182500 0.137500
0 0.427500 0.955000 0.050000 0.075000
0 0.563750 0.985625 0.037500 0.028750
0 0.715000 0.958125 0.112500 0.083750
0 0.921875 0.770000 0.048750 0.060000
0 0.755000 0.568125 0.200000 0.171250
0 0.604375 0.525625 0.088750 0.088750
0 0.485625 0.323125 0.088750 0.121250
0 0.638750 0.185625 0.105000 0.138750
0 0.781250 0.050000 0.070000 0.097500
0 0.446250 0.015000 0.010000 0.027500
0 0.883750 0.941875 0.032500 0.033750
