0 0.105000 0.070000 0.070000 0.062500
0 0.069375 0.173125 0.033750 0.036250
0 0.178125 0.188750 0.043750 0.052500
0 0.203125 0.130000 0.026250 0.022500
0 0.303750 0.057500 0.047500 0.032500
0 0.370000 0.111875 0.035000 0.041250
0 0.408125 0.069375 0.038750 0.043750
0 0.444375 0.091875 0.018750 0.018750
0 0.450000 0.132500 0.045000 0.025000
0 0.371875 0.250000 0.131250 0.085000
0 0.170625 0.356250 0.018750 0.022500
0 0.251875 0.492500 0.033750 0.025000
0 0.385625 0.653125 0.078750 0.063750
0 0.016250 0.525625 0.017500 0.023750
0 0.036875 0.200000 0.026250 0.027500
0 0.008750 0.073750 0.015000 0.020000
0 0.097500 0.710000 0.027500 0.027500
0 0.119375 0.825625 0.026250 0.028750
0 0.145625 0.776250 0.036250 0.032500
0 0.299375 0.738750 0.051250 0.030000
0 0.341250 0.825625 0.042500 0.066250
0 0.413750 0.851875 0.057500 0.031250
0 0.762500 0.968750 0.040000 0.022500
0 0.564375 0.790625 0.048750 0.046250
0 0.788125 0.746250 0.058750 0.040000
0 0.675625 0.782500 0.033750 0.035000
0 0.605000 0.695625 0.052500 0.033750
0 0.528750 0.711250 0.027500 0.017500
0 0.662500 0.646875 0.045000 0.031250
0 0.738750 0.645000 0.030000 0.010000
0 0.662500 0.578125 0.072500 0.053750
0 0.874375 0.498750 0.036250 0.057500
0 0.785000 0.437500 0.057500 0.072500
0 0.655000 0.390625 0.085000 0.048750
0 0.571875 0.441875 0.038750 0.033750
0 0.593125 0.281875 0.066250 0.056250
0 0.529375 0.290625 0.023750 0.016250
0 0.675000 0.289375 0.017500 0.021250
0 0.813125 0.322500 0.046250 0.022500
0 0.830000 0.214375 0.055000 0.033750
0 0.763125 0.188750 0.031250 0.047500
0 0.670000 0.218750 0.052500 0.045000
0 0.921875 0.647500 0.021250 0.007500
0 0.923750 0.215000 0.027500 0.025000
0 0.936250 0.107500 0.072500 0.037500
0 0.198750 0.920625 0.040000 0.028750
0 0.190000 0.779375 0.020000 0.026250
0 0.225000 0.845000 0.027500 0.022500
0 0.068125 0.952500 0.026250 0.017500
0 0.511250 0.053125 0.035000 0.028750
0 0.520625 0.179375 0.033750 0.011250
0 0.451875 0.536875 0.026250 0.011250
0 0.438125 0.725625 0.018750 0.011250
0 0.140000 0.457500 0.027500 0.025000
0 0.078750 0.890000 0.015000 0.022500
0 0.058125 0.781250 0.013750 0.015000
0 0.220000 0.011250 0.027500 0.020000
0 0.239375 0.663125 0.038750 0.023750
0 0.779375 0.882500 0.023750 0.017500
0 0.858125 0.901250 0.021250 0.020000
0 0.721875 0.028125 0.043750 0.038750
