0 0.428125 0.343750 0.046250 0.052500
0 0.479375 0.308750 0.063750 0.042500
0 0.333125 0.640625 0.043750 0.041250
0 0.139375 0.560000 0.046250 0.052500
0 0.671875 0.146875 0.043750 0.046250
0 0.769375 0.138125 0.038750 0.041250
0 0.825000 0.359375 0.050000 0.051250
0 0.875625 0.436250 0.048750 0.047500
0 0.775000 0.468125 0.035000 0.041250
0 0.835000 0.474375 0.045000 0.051250
0 0.877500 0.582500 0.032500 0.050000
0 0.902500 0.779375 0.055000 0.058750
0 0.683750 0.740000 0.022500 0.020000
0 0.972500 0.960000 0.042500 0.052500
0 0.811250 0.938125 0.040000 0.036250
0 0.788125 0.230000 0.048750 0.032500
0 0.611250 0.938125 0.047500 0.026250
0 0.188750 0.916250 0.030000 0.030000
0 0.621250 0.380625 0.030000 0.026250
0 0.526250 0.617500 0.025000 0.027500
