0 0.028750 0.209375 0.055000 0.063750
0 0.051875 0.590000 0.068750 0.057500
0 0.208125 0.969375 0.081250 0.051250
0 0.206875 0.389375 0.106250 0.088750
0 0.460000 0.103125 0.092500 0.088750
0 0.562500 0.346875 0.140000 0.143750
0 0.574375 0.221875 0.058750 0.088750
0 0.417500 0.516875 0.070000 0.053750
0 0.560625 0.809375 0.036250 0.028750
0 0.629375 0.968125 0.086250 0.063750
0 0.935000 0.896875 0.130000 0.206250
0 0.638750 0.715000 0.032500 0.032500
0 0.665625 0.610000 0.108750 0.060000
0 0.770000 0.728750 0.167500 0.120000
0 0.903750 0.615625 0.182500 0.091250
0 0.921875 0.713125 0.081250 0.088750
0 0.705625 0.098750 0.113750 0.140000
0 0.800000 0.021250 0.050000 0.030000
0 0.137500 0.233125 0.045000 0.071250
0 0.694375 0.851250 0.043750 0.027500
0 0.814375 0.366250 0.031250 0.022500
0 0.284375 0.548125 0.053750 0.058750
0 0.288125 0.641250 0.033750 0.027500
0 0.179375 0.450625 0.046250 0.023750
