0 0.039375 0.808333 0.053750 0.036667
0 0.116875 0.694167 0.033750 0.055000
0 0.065625 0.606667 0.036250 0.030000
0 0.083750 0.508333 0.037500 0.046667
0 0.094375 0.210000 0.023750 0.013333
0 0.234375 0.105000 0.036250 0.033333
0 0.328125 0.545000 0.038750 0.030000
0 0.210625 0.877500 0.031250 0.021667
0 0.402500 0.404167 0.052500 0.048333
0 0.348125 0.205833 0.028750 0.038333
0 0.496875 0.146667 0.053750 0.060000
0 0.530625 0.212500 0.018750 0.011667
0 0.441875 0.159167 0.021250 0.015000
0 0.448125 0.460000 0.041250 0.046667
0 0.453125 0.863333 0.033750 0.030000
0 0.460000 0.753333 0.040000 0.016667
0 0.511875 0.706667 0.038750 0.020000
0 0.765625 0.790833 0.041250 0.041667
0 0.871250 0.942500 0.025000 0.035000
0 0.718125 0.595000 0.033750 0.090000
0 0.730625 0.433333 0.058750 0.060000
0 0.711875 0.100833 0.031250 0.031667
0 0.700625 0.020833 0.026250 0.038333
0 0.396875 0.022500 0.023750 0.041667
0 0.919375 0.865833 0.033750 0.038333
0 0.784375 0.841667 0.038750 0.040000
0 0.966250 0.807500 0.040000 0.051667
0 0.907500 0.772500 0.012500 0.011667
0 0.991250 0.704167 0.017500 0.025000
0 0.973750 0.498333 0.030000 0.036667
0 0.868750 0.482500 0.027500 0.025000
0 0.875000 0.377500 0.027500 0.028333
0 0.938125 0.345833 0.028750 0.065000
0 0.941875 0.261667 0.026250 0.020000
0 0.873750 0.297500 0.020000 0.018333
0 0.981250 0.172500 0.037500 0.038333
0 0.858750 0.033333 0.027500 0.053333
0 0.788750 0.095833 0.045000 0.031667
0 0.545625 0.800000 0.031250 0.036667
0 0.520000 0.599167 0.022500 0.035000
0 0.186250 0.481667 0.025000 0.023333
0 0.271875 0.311667 0.026250 0.023333
0 0.233125 0.975000 0.018750 0.020000
0 0.143750 0.069167 0.025000 0.025000
0 0.193750 0.075000 0.022500 0.010000
