0 0.025000 0.040000 0.047500 0.057500
0 0.146875 0.083125 0.053750 0.031250
0 0.101250 0.161875 0.045000 0.031250
0 0.213750 0.133750 0.052500 0.035000
0 0.203750 0.234375 0.057500 0.058750
0 0.263750 0.255625 0.040000 0.048750
0 0.256250 0.043750 0.040000 0.030000
0 0.206875 0.086250 0.023750 0.017500
0 0.283125 0.127500 0.021250 0.015000
0 0.104375 0.332500 0.041250 0.040000
0 0.170000 0.316875 0.075000 0.063750
0 0.190000 0.378750 0.052500 0.040000
0 0.334375 0.325000 0.026250 0.027500
0 0.340000 0.150625 0.040000 0.026250
0 0.245625 0.374375 0.038750 0.033750
0 0.130625 0.510625 0.066250 0.063750
0 0.240625 0.418125 0.023750 0.016250
0 0.214375 0.618125 0.068750 0.081250
0 0.176250 0.700000 0.062500 0.047500
0 0.086875 0.676875 0.023750 0.021250
0 0.117500 0.839375 0.075000 0.053750
0 0.205000 0.803750 0.060000 0.065000
0 0.357500 0.696250 0.050000 0.042500
0 0.236875 0.561875 0.061250 0.023750
0 0.101875 0.895625 0.123750 0.046250
0 0.016250 0.855625 0.022500 0.026250
0 0.152500 0.788750 0.025000 0.012500
0 0.592500 0.890000 0.042500 0.042500
0 0.401250 0.905625 0.035000 0.013750
0 0.426250 0.807500 0.037500 0.042500
0 0.498125 0.751875 0.086250 0.031250
0 0.553125 0.653125 0.041250 0.061250
0 0.603125 0.615000 0.023750 0.015000
0 0.454375 0.528125 0.033750 0.031250
0 0.478125 0.470000 0.038750 0.040000
0 0.435000 0.440000 0.017500 0.020000
0 0.463750 0.405000 0.030000 0.040000
0 0.522500 0.417500 0.022500 0.012500
0 0.671875 0.451875 0.018750 0.021250
0 0.482500 0.308125 0.040000 0.046250
0 0.513125 0.235625 0.026250 0.023750
0 0.439375 0.211250 0.031250 0.020000
0 0.514375 0.111250 0.051250 0.030000
0 0.413750 0.052500 0.047500 0.052500
0 0.636250 0.130000 0.045000 0.055000
0 0.748125 0.246875 0.051250 0.071250
0 0.672500 0.282500 0.022500 0.020000
0 0.762500 0.188750 0.040000 0.027500
0 0.794375 0.141875 0.026250 0.028750
0 0.749375 0.078125 0.028750 0.038750
0 0.830000 0.086875 0.022500 0.026250
0 0.729375 0.783125 0.016250 0.028750
0 0.755000 0.748125 0.030000 0.023750
0 0.771250 0.525625 0.030000 0.031250
0 0.808125 0.487500 0.053750 0.045000
0 0.804375 0.442500 0.038750 0.030000
0 0.873750 0.501250 0.042500 0.035000
0 0.885000 0.439375 0.062500 0.053750
0 0.818750 0.290000 0.017500 0.017500
0 0.861250 0.325625 0.032500 0.046250
0 0.954375 0.344375 0.046250 0.066250
0 0.981875 0.262500 0.036250 0.032500
0 0.956875 0.208125 0.023750 0.041250
0 0.971875 0.053750 0.056250 0.025000
0 0.910000 0.162500 0.027500 0.017500
0 0.906250 0.878750 0.032500 0.017500
0 0.463750 0.936875 0.037500 0.011250
0 0.224375 0.890000 0.021250 0.012500
0 0.076875 0.442500 0.031250 0.017500
0 0.920625 0.748750 0.021250 0.020000
0 0.916875 0.833125 0.026250 0.023750
0 0.991250 0.769375 0.017500 0.016250
0 0.924375 0.511875 0.028750 0.026250
0 0.958125 0.493750 0.018750 0.012500
0 0.216875 0.989375 0.021250 0.021250
0 0.142500 0.943750 0.075000 0.035000
0 0.115000 0.988125 0.042500 0.016250
