0 0.298750 0.031250 0.117500 0.052500
0 0.040000 0.015625 0.060000 0.028750
0 0.294375 0.290625 0.151250 0.096250
0 0.369375 0.415000 0.118750 0.095000
0 0.390000 0.519375 0.082500 0.073750
0 0.481875 0.225625 0.121250 0.156250
0 0.593750 0.317500 0.080000 0.110000
0 0.477500 0.355000 0.055000 0.062500
0 0.502500 0.456250 0.077500 0.120000
0 0.668125 0.566250 0.131250 0.122500
0 0.766250 0.581250 0.032500 0.062500
0 0.646875 0.736875 0.103750 0.186250
0 0.791875 0.790000 0.138750 0.142500
0 0.573125 0.935000 0.101250 0.072500
0 0.765000 0.463125 0.097500 0.091250
0 0.978750 0.207500 0.042500 0.072500
0 0.755000 0.151250 0.117500 0.110000
0 0.256875 0.973750 0.046250 0.030000
