0 0.251250 0.034375 0.077500 0.066250
0 0.278750 0.417500 0.110000 0.167500
0 0.183750 0.425000 0.025000 0.027500
0 0.460000 0.438750 0.115000 0.092500
0 0.555625 0.169375 0.161250 0.203750
0 0.362500 0.776875 0.095000 0.093750
0 0.469375 0.613125 0.093750 0.058750
0 0.606875 0.936875 0.211250 0.126250
0 0.625000 0.761250 0.052500 0.047500
0 0.949375 0.620625 0.086250 0.171250
0 0.970000 0.410000 0.037500 0.172500
0 0.909375 0.156250 0.056250 0.077500
0 0.748750 0.060625 0.095000 0.111250
0 0.960625 0.060625 0.068750 0.091250
