0 0.075000 0.072500 0.062500 0.045000
0 0.047500 0.121875 0.032500 0.016250
0 0.020000 0.177500 0.037500 0.050000
0 0.130000 0.228750 0.085000 0.085000
0 0.155625 0.330000 0.093750 0.065000
0 0.011875 0.290625 0.021250 0.051250
0 0.060625 0.302500 0.043750 0.020000
0 0.074375 0.398750 0.051250 0.045000
0 0.022500 0.428750 0.032500 0.030000
0 0.050000 0.725625 0.047500 0.051250
0 0.066875 0.561250 0.036250 0.027500
0 0.136250 0.641875 0.022500 0.026250
0 0.282500 0.401250 0.052500 0.035000
0 0.238750 0.330625 0.025000 0.026250
0 0.319375 0.221875 0.013750 0.013750
0 0.392500 0.161875 0.032500 0.026250
0 0.202500 0.681250 0.050000 0.057500
0 0.211875 0.838125 0.043750 0.028750
0 0.286250 0.830625 0.027500 0.011250
0 0.263750 0.776250 0.040000 0.025000
0 0.062500 0.981875 0.092500 0.028750
0 0.376250 0.650000 0.030000 0.022500
0 0.425625 0.643125 0.018750 0.021250
0 0.651875 0.921875 0.038750 0.051250
0 0.585000 0.801250 0.027500 0.032500
0 0.801875 0.892500 0.043750 0.052500
0 0.833125 0.857500 0.016250 0.022500
0 0.896250 0.883750 0.027500 0.030000
0 0.965625 0.826875 0.061250 0.036250
0 0.643750 0.715000 0.035000 0.017500
0 0.531250 0.630625 0.022500 0.023750
0 0.485000 0.541875 0.027500 0.028750
0 0.507500 0.453750 0.025000 0.017500
0 0.584375 0.577500 0.091250 0.080000
0 0.590000 0.478750 0.075000 0.077500
0 0.473125 0.229375 0.016250 0.018750
0 0.524375 0.164375 0.036250 0.056250
0 0.639375 0.231875 0.063750 0.053750
0 0.600000 0.357500 0.030000 0.027500
0 0.663750 0.389375 0.040000 0.041250
0 0.783125 0.453125 0.061250 0.056250
0 0.700625 0.597500 0.033750 0.040000
0 0.793125 0.216250 0.056250 0.050000
0 0.598750 0.110625 0.042500 0.033750
0 0.647500 0.108750 0.022500 0.025000
0 0.722500 0.095000 0.067500 0.045000
0 0.798125 0.137500 0.026250 0.030000
0 0.736250 0.030000 0.062500 0.057500
0 0.557500 0.053750 0.030000 0.035000
0 0.568125 0.016250 0.028750 0.022500
0 0.953125 0.705625 0.038750 0.031250
0 0.832500 0.760625 0.037500 0.038750
0 0.810000 0.366250 0.040000 0.047500
0 0.985625 0.260000 0.028750 0.035000
0 0.960000 0.579375 0.030000 0.028750
0 0.946875 0.883750 0.036250 0.025000
0 0.959375 0.031250 0.058750 0.060000
0 0.940625 0.100625 0.053750 0.046250
0 0.078750 0.911250 0.022500 0.017500
0 0.313750 0.927500 0.027500 0.017500
0 0.040625 0.902500 0.006250 0.007500
0 0.458750 0.990625 0.040000 0.018750
0 0.986875 0.968750 0.016250 0.025000
0 0.410625 0.561875 0.031250 0.031250
0 0.019375 0.068125 0.023750 0.018750
