0 0.038125 0.443750 0.046250 0.052500
0 0.048750 0.741875 0.057500 0.071250
0 0.086875 0.925000 0.036250 0.045000
0 0.243125 0.885000 0.068750 0.047500
0 0.059375 0.360000 0.031250 0.042500
0 0.161875 0.109375 0.026250 0.036250
0 0.363750 0.481250 0.050000 0.067500
0 0.546250 0.521250 0.045000 0.047500
0 0.481875 0.497500 0.031250 0.042500
0 0.489375 0.838125 0.048750 0.058750
0 0.788125 0.070000 0.048750 0.042500
0 0.736250 0.154375 0.032500 0.038750
0 0.706875 0.267500 0.031250 0.030000
0 0.736250 0.348125 0.042500 0.036250
0 0.855000 0.717500 0.052500 0.057500
0 0.806250 0.929375 0.030000 0.053750
0 0.975625 0.830000 0.048750 0.062500
0 0.954375 0.336875 0.038750 0.031250
0 0.393125 0.653750 0.033750 0.050000
0 0.062500 0.858125 0.030000 0.036250
0 0.140625 0.828750 0.023750 0.015000
0 0.751250 0.710625 0.055000 0.051250
0 0.929375 0.730625 0.028750 0.023750
0 0.983125 0.074375 0.033750 0.018750
0 0.795000 0.520625 0.020000 0.021250
0 0.635625 0.245625 0.031250 0.026250
0 0.235625 0.171250 0.021250 0.022500
0 0.075625 0.988750 0.021250 0.022500
0 0.459375 0.758750 0.041250 0.025000
0 0.523125 0.682500 0.028750 0.020000
0 0.463125 0.676875 0.033750 0.013750
0 0.295000 0.193125 0.037500 0.026250
