0 0.416875 0.214167 0.098750 0.115000
0 0.288125 0.369167 0.036250 0.051667
0 0.269375 0.599167 0.121250 0.135000
0 0.016875 0.928333 0.031250 0.070000
0 0.343125 0.779167 0.026250 0.065000
0 0.416875 0.461667 0.121250 0.176667
0 0.601250 0.032500 0.087500 0.061667
0 0.532500 0.832500 0.080000 0.101667
0 0.596250 0.960833 0.077500 0.065000
0 0.654375 0.851667 0.071250 0.113333
0 0.581250 0.649167 0.075000 0.095000
0 0.677500 0.247500 0.052500 0.151667
0 0.737500 0.281667 0.057500 0.040000
0 0.834375 0.348333 0.068750 0.080000
0 0.895000 0.736667 0.107500 0.313333
0 0.987500 0.610000 0.025000 0.020000
0 0.813750 0.555000 0.027500 0.050000
0 0.898125 0.435833 0.106250 0.115000
0 0.930625 0.146667 0.086250 0.160000
0 0.804375 0.970833 0.033750 0.058333
