0 0.074375 0.888333 0.141250 0.223333
0 0.036250 0.670000 0.067500 0.163333
0 0.026875 0.318333 0.051250 0.233333
0 0.135000 0.413333 0.042500 0.060000
0 0.261875 0.137500 0.066250 0.101667
0 0.233125 0.251667 0.126250 0.070000
0 0.518750 0.760833 0.120000 0.205000
0 0.433750 0.667500 0.037500 0.158333
0 0.421250 0.323333 0.037500 0.040000
0 0.550000 0.081667 0.052500 0.076667
0 0.511875 0.230833 0.031250 0.058333
0 0.386875 0.723333 0.033750 0.050000
0 0.691250 0.301667 0.062500 0.133333
0 0.715000 0.573333 0.045000 0.080000
0 0.873750 0.415833 0.030000 0.071667
0 0.840625 0.804167 0.096250 0.108333
0 0.948125 0.857500 0.103750 0.211667
0 0.968125 0.114167 0.063750 0.058333
0 0.895000 0.033333 0.052500 0.063333
0 0.256250 0.966667 0.047500 0.066667
