0 0.121250 0.138750 0.090000 0.060000
0 0.190000 0.051250 0.075000 0.087500
0 0.028750 0.241250 0.055000 0.057500
0 0.020625 0.167500 0.038750 0.040000
0 0.013125 0.602500 0.023750 0.102500
0 0.063750 0.583750 0.025000 0.022500
0 0.010625 0.450625 0.018750 0.028750
0 0.140625 0.285625 0.051250 0.086250
0 0.266250 0.224375 0.102500 0.076250
0 0.315625 0.319375 0.033750 0.023750
0 0.045625 0.835625 0.081250 0.123750
0 0.126250 0.785000 0.057500 0.092500
0 0.083125 0.966875 0.143750 0.066250
0 0.295625 0.888125 0.038750 0.041250
0 0.480000 0.648750 0.090000 0.092500
0 0.365000 0.673125 0.080000 0.078750
0 0.411250 0.754375 0.047500 0.031250
0 0.415625 0.565625 0.111250 0.066250
0 0.448750 0.217500 0.042500 0.025000
0 0.425000 0.031875 0.190000 0.061250
0 0.529375 0.097500 0.098750 0.057500
0 0.575000 0.037500 0.060000 0.027500
0 0.661250 0.140000 0.127500 0.180000
0 0.792500 0.201875 0.122500 0.146250
0 0.948750 0.035625 0.095000 0.068750
0 0.711250 0.412500 0.045000 0.042500
0 0.823750 0.353750 0.027500 0.075000
0 0.819375 0.428125 0.031250 0.013750
0 0.750625 0.340625 0.021250 0.028750
0 0.775625 0.955000 0.146250 0.090000
