0 0.075000 0.139375 0.032500 0.046250
0 0.006250 0.020000 0.010000 0.037500
0 0.193750 0.008750 0.037500 0.015000
0 0.195000 0.174375 0.055000 0.068750
0 0.214375 0.090625 0.038750 0.026250
0 0.330625 0.189375 0.073750 0.073750
0 0.255000 0.325625 0.040000 0.046250
0 0.361875 0.343125 0.086250 0.056250
0 0.316875 0.591875 0.028750 0.041250
0 0.400000 0.543750 0.042500 0.047500
0 0.426250 0.637500 0.070000 0.062500
0 0.288750 0.798750 0.062500 0.067500
0 0.348750 0.680000 0.065000 0.055000
0 0.201875 0.961875 0.118750 0.076250
0 0.450625 0.885625 0.048750 0.033750
0 0.433750 0.835625 0.030000 0.041250
0 0.663125 0.901250 0.053750 0.067500
0 0.560000 0.912500 0.035000 0.032500
0 0.832500 0.963125 0.052500 0.073750
0 0.761875 0.790000 0.091250 0.077500
0 0.853750 0.724375 0.065000 0.063750
0 0.805000 0.592500 0.032500 0.030000
0 0.653750 0.566250 0.027500 0.010000
0 0.532500 0.573125 0.022500 0.036250
0 0.975000 0.847500 0.017500 0.022500
0 0.918750 0.805625 0.022500 0.031250
0 0.675625 0.482500 0.083750 0.080000
0 0.661875 0.388125 0.083750 0.078750
0 0.613125 0.239375 0.043750 0.053750
0 0.739375 0.243750 0.068750 0.062500
0 0.753750 0.156875 0.065000 0.043750
0 0.801875 0.368750 0.028750 0.045000
0 0.843750 0.294375 0.092500 0.041250
0 0.728125 0.043125 0.126250 0.081250
0 0.553750 0.061875 0.040000 0.031250
0 0.066875 0.762500 0.036250 0.030000
0 0.090625 0.715000 0.031250 0.032500
0 0.217500 0.418750 0.030000 0.022500
0 0.096250 0.400625 0.037500 0.033750
0 0.896875 0.351875 0.028750 0.028750
0 0.802500 0.239375 0.045000 0.021250
