0 0.113125 0.109375 0.036250 0.038750
0 0.080625 0.328750 0.043750 0.052500
0 0.196250 0.619375 0.040000 0.031250
0 0.330000 0.417500 0.057500 0.062500
0 0.383125 0.319375 0.031250 0.036250
0 0.403750 0.203750 0.042500 0.057500
0 0.375000 0.562500 0.095000 0.082500
0 0.523125 0.136875 0.058750 0.058750
0 0.588750 0.138750 0.027500 0.062500
0 0.745000 0.557500 0.045000 0.055000
0 0.828750 0.505625 0.042500 0.038750
0 0.766875 0.828125 0.043750 0.041250
0 0.740625 0.970625 0.061250 0.058750
0 0.666875 0.814375 0.036250 0.038750
0 0.703750 0.749375 0.045000 0.056250
0 0.587500 0.717500 0.032500 0.040000
0 0.642500 0.690000 0.022500 0.032500
0 0.065625 0.913125 0.048750 0.041250
0 0.154375 0.928750 0.031250 0.035000
0 0.076875 0.660000 0.048750 0.052500
0 0.427500 0.970625 0.045000 0.046250
0 0.438750 0.553125 0.022500 0.028750
0 0.934375 0.980625 0.033750 0.021250
0 0.297500 0.616250 0.037500 0.050000
