0 0.067500 0.551875 0.055000 0.048750
0 0.016875 0.370000 0.031250 0.052500
0 0.190625 0.740625 0.026250 0.038750
0 0.356250 0.821250 0.062500 0.072500
0 0.573750 0.841250 0.065000 0.060000
0 0.633750 0.772500 0.040000 0.042500
0 0.416875 0.971875 0.091250 0.056250
0 0.388125 0.556875 0.033750 0.048750
0 0.063750 0.875625 0.025000 0.026250
0 0.747500 0.768125 0.042500 0.073750
0 0.723750 0.851875 0.045000 0.048750
0 0.806250 0.871875 0.037500 0.043750
0 0.905625 0.890625 0.046250 0.046250
0 0.958750 0.841875 0.040000 0.048750
0 0.950625 0.750625 0.031250 0.066250
0 0.950625 0.641250 0.048750 0.040000
0 0.766875 0.605625 0.043750 0.038750
0 0.905000 0.703125 0.030000 0.033750
0 0.978750 0.567500 0.042500 0.075000
0 0.958750 0.468125 0.082500 0.063750
0 0.943750 0.386875 0.055000 0.051250
0 0.823125 0.118750 0.043750 0.037500
0 0.227500 0.506875 0.047500 0.038750
0 0.431250 0.713125 0.037500 0.038750
0 0.926875 0.235000 0.026250 0.020000
0 0.478125 0.853125 0.038750 0.028750
0 0.586250 0.626250 0.025000 0.032500
0 0.680000 0.701875 0.027500 0.021250
0 0.735000 0.647500 0.020000 0.010000
0 0.628125 0.570000 0.026250 0.017500
0 0.347500 0.325000 0.025000 0.027500
0 0.092500 0.967500 0.025000 0.015000
0 0.122500 0.934375 0.035000 0.018750
0 0.087500 0.432500 0.035000 0.030000
0 0.024375 0.953750 0.043750 0.025000
0 0.869375 0.054375 0.038750 0.048750
0 0.949375 0.017500 0.073750 0.032500
0 0.092500 0.098125 0.040000 0.038750
