0 0.390000 0.076250 0.157500 0.150000
0 0.087500 0.043750 0.030000 0.015000
0 0.150000 0.623125 0.087500 0.078750
0 0.348125 0.418125 0.058750 0.053750
0 0.317500 0.711875 0.062500 0.096250
0 0.274375 0.968750 0.108750 0.062500
0 0.664375 0.255000 0.048750 0.062500
0 0.611875 0.641875 0.081250 0.066250
0 0.672500 0.834375 0.052500 0.053750
0 0.687500 0.726875 0.047500 0.081250
0 0.634375 0.708750 0.041250 0.027500
0 0.870000 0.952500 0.135000 0.095000
0 0.865000 0.891875 0.035000 0.026250
0 0.982500 0.773125 0.035000 0.071250
0 0.986875 0.616250 0.026250 0.117500
0 0.963125 0.649375 0.021250 0.036250
0 0.978750 0.093125 0.042500 0.066250
