0 0.105000 0.325833 0.095000 0.095000
0 0.180000 0.695000 0.040000 0.070000
0 0.343125 0.385833 0.088750 0.075000
0 0.510000 0.276667 0.110000 0.180000
0 0.562500 0.053333 0.095000 0.103333
0 0.800000 0.615000 0.050000 0.090000
0 0.800000 0.778333 0.067500 0.076667
0 0.823750 0.870833 0.070000 0.078333
0 0.900625 0.696667 0.118750 0.140000
0 0.836875 0.397500 0.226250 0.215000
0 0.851875 0.250833 0.138750 0.081667
0 0.766875 0.155000 0.151250 0.073333
0 0.704375 0.048333 0.126250 0.093333
0 0.787500 0.533333 0.060000 0.030000
